day,node_id,item_id,produced_qty,cum_produced_qty
0,M-1430,item:268967,2734.66159,2734.66159
0,M-1810,item:268091,3505.571651,3505.571651
0,SDC-1450,item:773474,28174.094354,28174.094354
1,M-1430,item:268967,2597.218032,5331.879622
1,M-1810,item:268091,1520.0,5025.571651
1,SDC-1450,item:773474,28111.212791,56285.307145
2,M-1430,item:268967,2569.729321,7901.608943
2,M-1810,item:268091,818.88567,5844.457321
2,SDC-1450,item:773474,27491.475457,83776.782602
3,M-1430,item:268967,2564.231579,10465.840521
3,M-1810,item:268091,514.88567,6359.34299
3,SDC-1450,item:773474,26831.235285,110608.017887
4,M-1430,item:268967,2563.13203,13028.972551
4,M-1810,item:268091,351.108536,6710.451526
4,SDC-1450,item:773474,26284.326749,136892.344636
5,M-1430,item:268967,2562.91212,15591.884672
5,M-1810,item:268091,248.131402,6958.582928
5,SDC-1450,item:773474,25867.343082,162759.687718
6,M-1430,item:268967,2562.868138,18154.75281
6,M-1810,item:268091,177.909695,7136.492623
6,SDC-1450,item:773474,25559.316488,188319.004206
7,M-1430,item:268967,5200.0,23354.75281
7,M-1810,item:268091,2690.454843,9826.947466
7,SDC-1450,item:773474,25334.601701,213653.605908
8,M-1430,item:268967,5200.0,28554.75281
8,M-1810,item:268091,4620.262397,14447.209864
8,SDC-1450,item:773474,30263.645124,243917.251031
9,M-1430,item:268967,5200.0,33754.75281
9,M-1810,item:268091,5006.223908,19453.433772
9,SDC-1450,item:773474,35237.631504,279154.882535
10,M-1430,item:268967,5200.0,38954.75281
10,M-1810,item:268091,5083.41621,24536.849982
10,SDC-1450,item:773474,39225.809199,318380.691734
11,M-1430,item:268967,5200.0,44154.75281
11,M-1810,item:268091,5098.854671,29635.704653
11,SDC-1450,item:773474,42219.189618,360599.881352
12,M-1430,item:268967,5200.0,49354.75281
12,M-1810,item:268091,5101.942363,34737.647016
12,SDC-1450,item:773474,44414.934498,405014.81585
13,M-1430,item:268967,5200.0,54554.75281
13,M-1810,item:268091,5102.559901,39840.206918
13,SDC-1450,item:773474,46012.003295,451026.819145
14,M-1430,item:268967,4587.219115,59141.971926
14,M-1810,item:268091,6913.197695,46753.404612
14,SDC-1450,item:773474,47169.923115,498196.74226
15,M-1430,item:268967,4253.329537,63395.301463
15,M-1810,item:268091,7275.325253,54028.729866
15,SDC-1450,item:773474,46825.183849,545021.926109
16,M-1430,item:268967,4186.551622,67581.853085
16,M-1810,item:268091,7347.750765,61376.480631
16,SDC-1450,item:773474,45604.138675,590626.064783
17,M-1430,item:268967,4173.196039,71755.049124
17,M-1810,item:268091,7362.235867,68738.716498
17,SDC-1450,item:773474,44323.096965,634949.161749
18,M-1430,item:268967,4170.524922,75925.574046
18,M-1810,item:268091,7365.132888,76103.849386
18,SDC-1450,item:773474,43260.475413,678209.637162
19,M-1430,item:268967,4169.990699,80095.564745
19,M-1810,item:268091,7365.712292,83469.561678
19,SDC-1450,item:773474,42448.904427,720658.541589
20,M-1430,item:268967,4169.883854,84265.448599
20,M-1810,item:268091,7365.828173,90835.389851
20,SDC-1450,item:773474,41848.826196,762507.367785
21,M-1430,item:268967,3960.833914,88226.282513
21,M-1810,item:268091,10810.537063,101645.926914
21,SDC-1450,item:773474,41410.855852,803918.223637
22,M-1430,item:268967,3919.023926,92145.306439
22,M-1810,item:268091,11499.478841,113145.405756
22,SDC-1450,item:773474,40689.23751,844607.461147
23,M-1430,item:268967,3910.661928,96055.968367
23,M-1810,item:268091,11637.267197,124782.672953
23,SDC-1450,item:773474,39974.480507,884581.941654
24,M-1430,item:268967,3908.989529,99964.957896
24,M-1810,item:268091,11664.824868,136447.497821
24,SDC-1450,item:773474,39387.900628,923969.842282
25,M-1430,item:268967,3908.655049,103873.612945
25,M-1810,item:268091,11670.336402,148117.834223
25,SDC-1450,item:773474,38941.04284,962910.885122
26,M-1430,item:268967,3908.588153,107782.201098
26,M-1810,item:268091,11671.438709,159789.272933
26,SDC-1450,item:773474,38610.855166,1001521.740287
27,M-1430,item:268967,3908.574774,111690.775872
27,M-1810,item:268091,11671.659171,171460.932103
27,SDC-1450,item:773474,38369.909877,1039891.650164
28,M-1430,item:268967,4719.543526,116410.319398
28,M-1810,item:268091,10602.674691,182063.606794
28,SDC-1450,item:773474,38194.976288,1078086.626452
29,M-1430,item:268967,4881.737276,121292.056674
29,M-1810,item:268091,10388.877795,192452.484589
29,SDC-1450,item:773474,39634.166679,1117720.793131
30,M-1430,item:268967,4914.176026,126206.232701
30,M-1810,item:268091,10346.118416,202798.603005
30,SDC-1450,item:773474,41421.530772,1159142.323903
31,M-1430,item:268967,4920.663776,131126.896477
31,M-1810,item:268091,10337.56654,213136.169545
31,SDC-1450,item:773474,42983.694184,1202126.018087
32,M-1430,item:268967,4921.961326,136048.857804
32,M-1810,item:268091,10335.856165,223472.02571
32,SDC-1450,item:773474,44200.912257,1246326.930344
33,M-1430,item:268967,4922.220836,140971.07864
33,M-1810,item:268091,10335.51409,233807.539799
33,SDC-1450,item:773474,45108.203143,1291435.133487
34,M-1430,item:268967,4922.272738,145893.351379
34,M-1810,item:268091,10335.445675,244142.985474
34,SDC-1450,item:773474,45772.551513,1337207.685
35,M-1430,item:268967,4052.340262,149945.691641
35,M-1810,item:268091,9622.746278,253765.731752
35,SDC-1450,item:773474,46255.541927,1383463.226927
36,M-1430,item:268967,3878.353767,153824.045408
36,M-1810,item:268091,9480.206399,263245.938151
36,SDC-1450,item:773474,44925.872118,1428389.099045
37,M-1430,item:268967,3843.556468,157667.601876
37,M-1810,item:268091,9451.698423,272697.636574
37,SDC-1450,item:773474,43163.646117,1471552.745162
38,M-1430,item:268967,3836.597008,161504.198884
38,M-1810,item:268091,9445.996828,282143.633402
38,SDC-1450,item:773474,41600.162456,1513152.907619
39,M-1430,item:268967,3835.205116,165339.404
39,M-1810,item:268091,9444.856509,291588.489911
39,SDC-1450,item:773474,40375.685671,1553528.59329
40,M-1430,item:268967,3834.926738,169174.330737
40,M-1810,item:268091,9444.628445,301033.118356
40,SDC-1450,item:773474,39461.217953,1592989.811243
41,M-1430,item:268967,3834.871062,173009.201799
41,M-1810,item:268091,9444.582832,310477.701188
41,SDC-1450,item:773474,38791.10806,1631780.919303
42,M-1430,item:268967,5200.0,178209.201799
42,M-1810,item:268091,7537.145138,318014.846325
42,SDC-1450,item:773474,38303.784203,1670084.703505
43,M-1430,item:268967,5200.0,183409.201799
43,M-1810,item:268091,7155.657599,325170.503924
43,SDC-1450,item:773474,40586.469311,1710671.172816
44,M-1430,item:268967,5200.0,188609.201799
44,M-1810,item:268091,7079.360091,332249.864015
44,SDC-1450,item:773474,42966.61919,1753637.792006
45,M-1430,item:268967,5200.0,193809.201799
45,M-1810,item:268091,7064.100589,339313.964605
45,SDC-1450,item:773474,44890.232048,1798528.024055
46,M-1430,item:268967,5200.0,199009.201799
46,M-1810,item:268091,7061.048689,346375.013294
46,SDC-1450,item:773474,46337.81493,1844865.838985
47,M-1430,item:268967,5200.0,204209.201799
47,M-1810,item:268091,7060.438309,353435.451603
47,SDC-1450,item:773474,47400.67524,1892266.514225
48,M-1430,item:268967,5200.0,209409.201799
48,M-1810,item:268091,7060.316233,360495.767836
48,SDC-1450,item:773474,48174.018974,1940440.533199
49,M-1430,item:268967,4954.306562,214363.508361
49,M-1810,item:268091,11900.0,372395.767836
49,SDC-1450,item:773474,48734.790646,1989175.323846
50,M-1430,item:268967,4574.747027,218938.255387
50,M-1810,item:268091,11900.0,384295.767836
50,SDC-1450,item:773474,48666.473399,2037841.797245
51,M-1430,item:268967,4498.83512,223437.090507
51,M-1810,item:268091,11900.0,396195.767836
51,SDC-1450,item:773474,47753.093763,2085594.891007
52,M-1430,item:268967,4483.652738,227920.743245
52,M-1810,item:268091,11900.0,408095.767836
52,SDC-1450,item:773474,46706.795965,2132301.686972
53,M-1430,item:268967,4480.616262,232401.359508
53,M-1810,item:268091,11900.0,419995.767836
53,SDC-1450,item:773474,45813.857772,2178115.544744
54,M-1430,item:268967,4480.008967,236881.368474
54,M-1810,item:268091,11900.0,431895.767836
54,SDC-1450,item:773474,45124.315874,2223239.860618
55,M-1430,item:268967,4479.887508,241361.255982
55,M-1810,item:268091,11900.0,443795.767836
55,SDC-1450,item:773474,44612.188962,2267852.049581
56,M-1430,item:268967,5200.0,246561.255982
56,M-1810,item:268091,11900.0,455695.767836
56,SDC-1450,item:773474,44237.735899,2312089.78548
57,M-1430,item:268967,5200.0,251761.255982
57,M-1810,item:268091,11900.0,467595.767836
57,SDC-1450,item:773474,45356.204827,2357445.990307
58,M-1430,item:268967,5200.0,256961.255982
58,M-1810,item:268091,11900.0,479495.767836
58,SDC-1450,item:773474,46549.564367,2403995.554674
59,M-1430,item:268967,5200.0,262161.255982
59,M-1810,item:268091,11900.0,491395.767836
59,SDC-1450,item:773474,47519.230122,2451514.784795
60,M-1430,item:268967,5200.0,267361.255982
60,M-1810,item:268091,11900.0,503295.767836
60,SDC-1450,item:773474,48250.223968,2499765.008763
61,M-1430,item:268967,5200.0,272561.255982
61,M-1810,item:268091,11900.0,515195.767836
61,SDC-1450,item:773474,48787.284664,2548552.293427
62,M-1430,item:268967,5200.0,277761.255982
62,M-1810,item:268091,11900.0,527095.767836
62,SDC-1450,item:773474,49178.14659,2597730.440018
63,M-1430,item:268967,4532.537535,282293.793517
63,M-1810,item:268091,11779.487374,538875.25521
63,SDC-1450,item:773474,49461.596377,2647192.036395
64,M-1430,item:268967,4127.307507,286421.101025
64,M-1810,item:268091,11416.697475,550291.952685
64,SDC-1450,item:773474,48378.041405,2695570.0778
65,M-1430,item:268967,4046.261501,290467.362526
65,M-1810,item:268091,11344.139495,561636.09218
65,SDC-1450,item:773474,46455.320146,2742025.397946
66,M-1430,item:268967,4030.0523,294497.414826
66,M-1810,item:268091,11329.627899,572965.720079
66,SDC-1450,item:773474,44592.814615,2786618.212561
67,M-1430,item:268967,4026.81046,298524.225286
67,M-1810,item:268091,11326.72558,584292.445659
67,SDC-1450,item:773474,43083.554283,2829701.766843
68,M-1430,item:268967,4026.162092,302550.387378
68,M-1810,item:268091,11326.145116,595618.590775
68,SDC-1450,item:773474,41940.535246,2871642.302089
69,M-1430,item:268967,4026.032418,306576.419797
69,M-1810,item:268091,11326.029023,606944.619798
69,SDC-1450,item:773474,41098.116313,2912740.418402
70,M-1430,item:268967,5200.0,311776.419797
70,M-1810,item:268091,9910.92009,616855.539888
70,SDC-1450,item:773474,40484.050796,2953224.469198
71,M-1430,item:268967,5200.0,316976.419797
71,M-1810,item:268091,9627.898304,626483.438192
71,SDC-1450,item:773474,42305.334253,2995529.803452
72,M-1430,item:268967,5200.0,322176.419797
72,M-1810,item:268091,9571.293946,636054.732138
72,SDC-1450,item:773474,44249.430814,3039779.234266
73,M-1430,item:268967,5200.0,327376.419797
73,M-1810,item:268091,9559.973075,645614.705213
73,SDC-1450,item:773474,45829.270683,3085608.504949
74,M-1430,item:268967,5200.0,332576.419797
74,M-1810,item:268091,9557.708901,655172.414113
74,SDC-1450,item:773474,47020.291241,3132628.79619
75,M-1430,item:268967,5200.0,337776.419797
75,M-1810,item:268091,9557.256066,664729.670179
75,SDC-1450,item:773474,47895.343824,3180524.140014
76,M-1430,item:268967,5200.0,342976.419797
76,M-1810,item:268091,9557.165499,674286.835678
76,SDC-1450,item:773474,48532.192296,3229056.33231
77,M-1430,item:268967,4977.308769,347953.728566
77,M-1810,item:268091,11180.918814,685467.754492
77,SDC-1450,item:773474,48994.030251,3278050.362561
78,M-1430,item:268967,4736.604611,352690.333176
78,M-1810,item:268091,11505.669477,696973.423969
78,SDC-1450,item:773474,48898.494305,3326948.856865
79,M-1430,item:268967,4688.463779,357378.796955
79,M-1810,item:268091,11570.61961,708544.043579
79,SDC-1450,item:773474,48245.804613,3375194.661478
80,M-1430,item:268967,4678.835613,362057.632568
80,M-1810,item:268091,11583.609636,720127.653215
80,SDC-1450,item:773474,47519.26488,3422713.926358
81,M-1430,item:268967,4676.909979,366734.542547
81,M-1810,item:268091,11586.207642,731713.860857
81,SDC-1450,item:773474,46904.671639,3469618.597997
82,M-1430,item:268967,4676.524853,371411.0674
82,M-1810,item:268091,11586.727243,743300.5881
82,SDC-1450,item:773474,46431.668055,3516050.266052
83,M-1430,item:268967,4676.447827,376087.515227
83,M-1810,item:268091,11586.831163,754887.419263
83,SDC-1450,item:773474,46080.839462,3562131.105514
84,M-1430,item:268967,4537.346709,380624.861936
84,M-1810,item:268091,11900.0,766787.419263
84,SDC-1450,item:773474,45824.462854,3607955.568368
85,M-1430,item:268967,4509.526485,385134.388421
85,M-1810,item:268091,11900.0,778687.419263
85,SDC-1450,item:773474,45369.655549,3653325.223917
86,M-1430,item:268967,4503.96244,389638.350861
86,M-1810,item:268091,11900.0,790587.419263
86,SDC-1450,item:773474,44912.404284,3698237.628201
87,M-1430,item:268967,4502.849631,394141.200492
87,M-1810,item:268091,11900.0,802487.419263
87,SDC-1450,item:773474,44535.370622,3742772.998824
88,M-1430,item:268967,4502.627069,398643.827562
88,M-1810,item:268091,11900.0,814387.419263
88,SDC-1450,item:773474,44247.638443,3787020.637267
89,M-1430,item:268967,4502.582557,403146.410119
89,M-1810,item:268091,11900.0,826287.419263
89,SDC-1450,item:773474,44034.883241,3831055.520508
90,M-1430,item:268967,4502.573655,407648.983773
90,M-1810,item:268091,11900.0,838187.419263
90,SDC-1450,item:773474,43879.588525,3874935.109033
91,M-1430,item:268967,4769.429017,412418.41279
91,M-1810,item:268091,9577.941024,847765.360287
91,SDC-1450,item:773474,43766.827658,3918701.936691
92,M-1430,item:268967,4822.800089,417241.212879
92,M-1810,item:268091,9032.959634,856798.319921
92,SDC-1450,item:773474,44200.408389,3962902.34508
93,M-1430,item:268967,4833.474303,422074.687182
93,M-1810,item:268091,8923.963356,865722.283276
93,SDC-1450,item:773474,44759.597823,4007661.942903
94,M-1430,item:268967,4835.609146,426910.296328
94,M-1810,item:268091,8902.1641,874624.447376
94,SDC-1450,item:773474,45252.682417,4052914.62532
95,M-1430,item:268967,4836.036115,431746.332443
95,M-1810,item:268091,8897.804249,883522.251625
95,SDC-1450,item:773474,45638.051385,4098552.676705
96,M-1430,item:268967,4836.121509,436582.453952
96,M-1810,item:268091,8896.932279,892419.183904
96,SDC-1450,item:773474,45925.627887,4144478.304592
97,M-1430,item:268967,4836.138587,441418.592539
97,M-1810,item:268091,8896.757885,901315.941788
97,SDC-1450,item:773474,46136.295486,4190614.600078
98,M-1430,item:268967,5200.0,446618.592539
98,M-1810,item:268091,7180.151577,908496.093365
98,SDC-1450,item:773474,46289.480763,4236904.080841
99,M-1430,item:268967,5200.0,451818.592539
99,M-1810,item:268091,6836.830315,915332.92368
99,SDC-1450,item:773474,47103.128385,4284007.209226
100,M-1430,item:268967,5200.0,457018.592539
100,M-1810,item:268091,6768.166063,922101.089743
100,SDC-1450,item:773474,47886.138953,4331893.348179
101,M-1430,item:268967,5200.0,462218.592539
101,M-1810,item:268091,6754.433213,928855.522956
101,SDC-1450,item:773474,48506.419996,4380399.768175
102,M-1430,item:268967,5200.0,467418.592539
102,M-1810,item:268091,6751.686643,935607.209599
102,SDC-1450,item:773474,48970.098925,4429369.8671
103,M-1430,item:268967,5200.0,472618.592539
103,M-1810,item:268091,6751.137329,942358.346927
103,SDC-1450,item:773474,49309.721646,4478679.588746
104,M-1430,item:268967,5200.0,477818.592539
104,M-1810,item:268091,6751.027466,949109.374393
104,SDC-1450,item:773474,49556.608581,4528236.197327
105,M-1430,item:268967,1097.484047,478916.076586
105,M-1810,item:268091,11775.119779,960884.494172
105,SDC-1450,item:773474,49735.570972,4577971.768299
106,M-1430,item:268967,219.496809,479135.573395
106,M-1810,item:268091,11900.0,972784.494172
106,SDC-1450,item:773474,41943.429052,4619915.197351
107,M-1430,item:268967,43.899362,479179.472757
107,M-1810,item:268091,11900.0,984684.494172
107,SDC-1450,item:773474,32420.150817,4652335.348168
108,M-1430,item:268967,8.779872,479188.25263
108,M-1810,item:268091,11900.0,996584.494172
108,SDC-1450,item:773474,24116.232198,4676451.580366
109,M-1430,item:268967,1.755974,479190.008604
109,M-1810,item:268091,11900.0,1008484.494172
109,SDC-1450,item:773474,17649.155473,4694100.73584
110,M-1430,item:268967,0.351195,479190.359799
110,M-1810,item:268091,11900.0,1020384.494172
110,SDC-1450,item:773474,12829.299721,4706930.035561
111,M-1430,item:268967,0.070239,479190.430038
111,M-1810,item:268091,11900.0,1032284.494172
111,SDC-1450,item:773474,9300.146764,4716230.182325
112,M-1430,item:268967,0.014048,479190.444086
112,M-1810,item:268091,9672.955351,1041957.449523
112,SDC-1450,item:773474,6734.422447,4722964.604773
113,M-1430,item:268967,0.00281,479190.446895
113,M-1810,item:268091,9001.333927,1050958.78345
113,SDC-1450,item:773474,4874.42022,4727839.024993
114,M-1430,item:268967,0.000562,479190.447457
114,M-1810,item:268091,8867.009642,1059825.793092
114,SDC-1450,item:773474,3527.541156,4731366.566149
115,M-1430,item:268967,0.000112,479190.44757
115,M-1810,item:268091,8840.144785,1068665.937877
115,SDC-1450,item:773474,2552.658197,4733919.224345
116,M-1430,item:268967,2.2e-05,479190.447592
116,M-1810,item:268091,8834.771814,1077500.709691
116,SDC-1450,item:773474,1847.150183,4735766.374528
117,M-1430,item:268967,4e-06,479190.447597
117,M-1810,item:268091,8833.69722,1086334.406911
117,SDC-1450,item:773474,1336.618587,4737102.993115
118,M-1430,item:268967,1e-06,479190.447598
118,M-1810,item:268091,8833.482301,1095167.889211
118,SDC-1450,item:773474,967.188559,4738070.181673
119,M-1430,item:268967,0.0,479190.447598
119,M-1810,item:268091,5183.382175,1100351.271386
119,SDC-1450,item:773474,699.864843,4738770.046517
120,M-1430,item:268967,0.0,479190.447598
120,M-1810,item:268091,3416.685714,1103767.9571
120,SDC-1450,item:773474,506.427132,4739276.473648
121,M-1430,item:268967,0.0,479190.447598
121,M-1810,item:268091,4100.022857,1107867.979958
121,SDC-1450,item:773474,366.454163,4739642.927812
122,M-1430,item:268967,0.0,479190.447598
122,M-1810,item:268091,4236.690286,1112104.670243
122,SDC-1450,item:773474,265.168737,4739908.096548
123,M-1430,item:268967,0.0,479190.447598
123,M-1810,item:268091,4264.023772,1116368.694015
123,SDC-1450,item:773474,191.877904,4740099.974453
124,M-1430,item:268967,0.0,479190.447598
124,M-1810,item:268091,4269.490469,1120638.184484
124,SDC-1450,item:773474,138.844157,4740238.81861
125,M-1430,item:268967,0.0,479190.447598
125,M-1810,item:268091,4270.583808,1124908.768292
125,SDC-1450,item:773474,100.468576,4740339.287186
126,M-1430,item:268967,3986.171429,483176.619027
126,M-1810,item:268091,4432.173905,1129340.942197
126,SDC-1450,item:773474,72.699745,4740411.98693
127,M-1430,item:268967,4783.405715,487960.024741
127,M-1810,item:268091,4464.491924,1133805.434121
127,SDC-1450,item:773474,7749.678238,4748161.665169
128,M-1430,item:268967,4942.852572,492902.877313
128,M-1810,item:268091,4470.955528,1138276.389649
128,SDC-1450,item:773474,16971.62494,4765133.290109
129,M-1430,item:268967,4974.741943,497877.619256
129,M-1810,item:268091,4472.248249,1142748.637898
129,SDC-1450,item:773474,24966.058832,4790099.34894
130,M-1430,item:268967,4981.119817,502858.739073
130,M-1810,item:268091,4472.506793,1147221.144691
130,SDC-1450,item:773474,31177.67996,4821277.028901
131,M-1430,item:268967,4982.395392,507841.134466
131,M-1810,item:268091,4472.558502,1151693.703192
131,SDC-1450,item:773474,35802.729626,4857079.758527
132,M-1430,item:268967,4982.650507,512823.784973
132,M-1810,item:268091,4472.568844,1156166.272036
132,SDC-1450,item:773474,39187.91813,4896267.676657
133,M-1430,item:268967,5200.0,518023.784973
133,M-1810,item:268091,9139.999483,1165306.271519
133,SDC-1450,item:773474,41648.589312,4937916.265969
134,M-1430,item:268967,5200.0,523223.784973
134,M-1810,item:268091,10073.485611,1175379.75713
134,SDC-1450,item:773474,43851.912406,4981768.178376
135,M-1430,item:268967,5200.0,528423.784973
135,M-1810,item:268091,10260.182837,1185639.939967
135,SDC-1450,item:773474,45563.101264,5027331.27964
136,M-1430,item:268967,5200.0,533623.784973
136,M-1810,item:268091,10297.522282,1195937.462248
136,SDC-1450,item:773474,46833.625503,5074164.905142
137,M-1430,item:268967,5200.0,538823.784973
137,M-1810,item:268091,10304.990171,1206242.452419
137,SDC-1450,item:773474,47761.91197,5121926.817112
138,M-1430,item:268967,5200.0,544023.784973
138,M-1810,item:268091,10306.483749,1216548.936168
138,SDC-1450,item:773474,48436.093589,5170362.910701
139,M-1430,item:268967,5200.0,549223.784973
139,M-1810,item:268091,10306.782464,1226855.718632
139,SDC-1450,item:773474,48924.617915,5219287.528617
140,M-1430,item:268967,4257.935121,553481.720094
140,M-1810,item:268091,10322.727922,1237178.446553
140,SDC-1450,item:773474,49278.305918,5268565.834534
141,M-1430,item:268967,3508.615595,556990.335689
141,M-1810,item:268091,10325.917013,1247504.363567
141,SDC-1450,item:773474,47715.214905,5316281.04944
142,M-1430,item:268967,3358.75169,560349.08738
142,M-1810,item:268091,10326.554831,1257830.918398
142,SDC-1450,item:773474,44634.492551,5360915.54199
143,M-1430,item:268967,3328.778909,563677.866289
143,M-1810,item:268091,10326.682395,1268157.600793
143,SDC-1450,item:773474,41577.00965,5402492.55164
144,M-1430,item:268967,3322.784353,567000.650642
144,M-1810,item:268091,10326.707908,1278484.308701
144,SDC-1450,item:773474,39077.79547,5441570.34711
145,M-1430,item:268967,3321.585442,570322.236084
145,M-1810,item:268091,10326.71301,1288811.021711
145,SDC-1450,item:773474,37178.502721,5478748.849832
146,M-1430,item:268967,3321.34566,573643.581743
146,M-1810,item:268091,10326.714031,1299137.735742
146,SDC-1450,item:773474,35776.737778,5514525.587609
147,M-1430,item:268967,664.269132,574307.850875
147,M-1810,item:268091,10955.742806,1310093.478548
147,SDC-1450,item:773474,34754.368378,5549279.955988
148,M-1430,item:268967,132.853826,574440.704702
148,M-1810,item:268091,11081.548561,1321175.02711
148,SDC-1450,item:773474,28881.687052,5578161.643039
149,M-1430,item:268967,26.570765,574467.275467
149,M-1810,item:268091,11106.709712,1332281.736822
149,SDC-1450,item:773474,22187.346622,5600348.989661
150,M-1430,item:268967,5.314153,574472.58962
150,M-1810,item:268091,11111.741942,1343393.478764
150,SDC-1450,item:773474,16462.315861,5616811.305522
151,M-1430,item:268967,1.062831,574473.65245
151,M-1810,item:268091,11112.748388,1354506.227153
151,SDC-1450,item:773474,12035.107866,5628846.413388
152,M-1430,item:268967,0.212566,574473.865017
152,M-1810,item:268091,11112.949678,1365619.17683
152,SDC-1450,item:773474,8744.69696,5637591.110348
153,M-1430,item:268967,0.042513,574473.90753
153,M-1810,item:268091,11112.989936,1376732.166766
153,SDC-1450,item:773474,6338.08584,5643929.196187
154,M-1430,item:268967,2133.379931,576607.287461
154,M-1810,item:268091,9616.540844,1386348.70761
154,SDC-1450,item:773474,4589.228539,5648518.424726
155,M-1430,item:268967,2560.047415,579167.334876
155,M-1810,item:268091,9317.251026,1395665.958635
155,SDC-1450,item:773474,7441.047696,5655959.472422
156,M-1430,item:268967,2645.380912,581812.715788
156,M-1810,item:268091,9257.393062,1404923.351697
156,SDC-1450,item:773474,11466.50916,5667425.981581
157,M-1430,item:268967,2662.447611,584475.163399
157,M-1810,item:268091,9245.421469,1414168.773167
157,SDC-1450,item:773474,15086.380962,5682512.362543
158,M-1430,item:268967,2665.860951,587141.02435
158,M-1810,item:268091,9243.027151,1423411.800317
158,SDC-1450,item:773474,17934.115305,5700446.477848
159,M-1430,item:268967,2666.543619,589807.567969
159,M-1810,item:268091,9242.548287,1432654.348604
159,SDC-1450,item:773474,20064.466255,5720510.944103
160,M-1430,item:268967,2666.680153,592474.248122
160,M-1810,item:268091,9242.452514,1441896.801118
160,SDC-1450,item:773474,21626.588529,5742137.532631
161,M-1430,item:268967,5200.0,597674.248122
161,M-1810,item:268091,7413.976217,1449310.777336
161,SDC-1450,item:773474,22762.904252,5764900.436883
162,M-1430,item:268967,5200.0,602874.248122
162,M-1810,item:268091,7048.280958,1456359.058293
162,SDC-1450,item:773474,28478.493266,5793378.930149
163,M-1430,item:268967,5200.0,608074.248122
163,M-1810,item:268091,6975.141906,1463334.200199
163,SDC-1450,item:773474,33966.819136,5827345.749285
164,M-1430,item:268967,5200.0,613274.248122
164,M-1810,item:268091,6960.514096,1470294.714295
164,SDC-1450,item:773474,38312.027202,5865657.776487
165,M-1430,item:268967,5200.0,618474.248122
165,M-1810,item:268091,6957.588534,1477252.302828
165,SDC-1450,item:773474,41559.570095,5907217.346583
166,M-1430,item:268967,5200.0,623674.248122
166,M-1810,item:268091,6957.003421,1484209.30625
166,SDC-1450,item:773474,43938.071375,5951155.417958
167,M-1430,item:268967,5200.0,628874.248122
167,M-1810,item:268091,6956.886399,1491166.192648
167,SDC-1450,item:773474,45667.064076,5996822.482033
168,M-1430,item:268967,5200.0,634074.248122
168,M-1810,item:268091,10095.491565,1501261.684213
168,SDC-1450,item:773474,46920.356521,6043742.838554
169,M-1430,item:268967,5200.0,639274.248122
169,M-1810,item:268091,10723.212599,1511984.896812
169,SDC-1450,item:773474,47827.850426,6091570.68898
170,M-1430,item:268967,5200.0,644474.248122
170,M-1810,item:268091,10848.756805,1522833.653617
170,SDC-1450,item:773474,48484.685841,6140055.374821
171,M-1430,item:268967,5200.0,649674.248122
171,M-1810,item:268091,10873.865647,1533707.519264
171,SDC-1450,item:773474,48960.022476,6189015.397298
172,M-1430,item:268967,5200.0,654874.248122
172,M-1810,item:268091,10878.887415,1544586.406679
172,SDC-1450,item:773474,49303.992028,6238319.389326
173,M-1430,item:268967,5200.0,660074.248122
173,M-1810,item:268091,10879.891769,1555466.298448
173,SDC-1450,item:773474,49552.894253,6287872.283578
174,M-1430,item:268967,5200.0,665274.248122
174,M-1810,item:268091,10880.092639,1566346.391087
174,SDC-1450,item:773474,49733.002567,6337605.286146
175,M-1430,item:268967,5200.0,670474.248122
175,M-1810,item:268091,11900.0,1578246.391087
175,SDC-1450,item:773474,49863.330437,6387468.616582
176,M-1430,item:268967,1351.071437,671825.319559
176,M-1810,item:268091,11900.0,1590146.391087
176,SDC-1450,item:773474,49957.636643,6437426.253225
177,M-1430,item:268967,1083.242859,672908.562417
177,M-1810,item:268091,11900.0,1602046.391087
177,SDC-1450,item:773474,42593.8133,6480020.066525
178,M-1430,item:268967,1029.677143,673938.23956
178,M-1810,item:268091,11900.0,1613946.391087
178,SDC-1450,item:773474,34693.966836,6514714.033361
179,M-1430,item:268967,1018.964,674957.20356
179,M-1810,item:268091,11900.0,1625846.391087
179,SDC-1450,item:773474,28163.452665,6542877.486026
180,M-1430,item:268967,1016.821371,675974.024931
180,M-1810,item:268091,11900.0,1637746.391087
180,SDC-1450,item:773474,23192.221312,6566069.707338
181,M-1430,item:268967,1016.392845,676990.417776
181,M-1810,item:268091,11900.0,1649646.391087
181,SDC-1450,item:773474,19522.955498,6585592.662836
182,M-1430,item:268967,602.935712,677593.353489
182,M-1810,item:268091,9773.336375,1659419.727462
182,SDC-1450,item:773474,16847.108495,6602439.771331
183,M-1430,item:268967,520.244286,678113.597774
183,M-1810,item:268091,9045.524418,1668465.25188
183,SDC-1450,item:773474,14106.752251,6616546.523582
184,M-1430,item:268967,503.706,678617.303775
184,M-1810,item:268091,8899.962027,1677365.213907
184,SDC-1450,item:773474,11741.892925,6628288.416507
185,M-1430,item:268967,500.398343,679117.702118
185,M-1810,item:268091,8870.849549,1686236.063455
185,SDC-1450,item:773474,9893.170353,6638181.58686
186,M-1430,item:268967,499.736812,679617.43893
186,M-1810,item:268091,8865.027053,1695101.090508
186,SDC-1450,item:773474,8511.032746,6646692.619606
187,M-1430,item:268967,499.604506,680117.043435
187,M-1810,item:268091,8863.862554,1703964.953062
187,SDC-1450,item:773474,7497.362274,6654189.981881
188,M-1430,item:268967,499.578044,680616.62148
188,M-1810,item:268091,8863.629654,1712828.582716
188,SDC-1450,item:773474,6759.863847,6660949.845728
189,M-1430,item:268967,1508.829894,682125.451374
189,M-1810,item:268091,10199.69736,1723028.280075
189,SDC-1450,item:773474,6225.04842,6667174.894148
190,M-1430,item:268967,1710.680264,683836.131639
190,M-1810,item:268091,10466.910901,1733495.190976
190,SDC-1450,item:773474,7786.541079,6674961.435227
191,M-1430,item:268967,1751.050338,685587.181977
191,M-1810,item:268091,10520.353609,1744015.544585
191,SDC-1450,item:773474,9844.758503,6684806.19373
192,M-1430,item:268967,1759.124353,687346.30633
192,M-1810,item:268091,10531.042151,1754546.586736
192,SDC-1450,item:773474,11668.629732,6696474.823462
193,M-1430,item:268967,1760.739156,689107.045487
193,M-1810,item:268091,10533.179859,1765079.766595
193,SDC-1450,item:773474,13096.447943,6709571.271405
194,M-1430,item:268967,1761.062117,690868.107604
194,M-1810,item:268091,10533.607401,1775613.373995
194,SDC-1450,item:773474,14162.610001,6723733.881406
195,M-1430,item:268967,1761.126709,692629.234313
195,M-1810,item:268091,10533.692909,1786147.066904
195,SDC-1450,item:773474,14943.832037,6738677.713443
196,M-1430,item:268967,4611.539627,697240.77394
196,M-1810,item:268091,7869.367153,1794016.434057
196,SDC-1450,item:773474,15511.946384,6754189.659826
197,M-1430,item:268967,5181.622211,702422.396151
197,M-1810,item:268091,7336.502002,1801352.936059
197,SDC-1450,item:773474,21427.802906,6775617.462733
198,M-1430,item:268967,5200.0,707622.396151
198,M-1810,item:268091,7229.928972,1808582.86503
198,SDC-1450,item:773474,28330.833875,6803948.296608
199,M-1430,item:268967,5200.0,712822.396151
199,M-1810,item:268091,7208.614366,1815791.479396
199,SDC-1450,item:773474,34086.180014,6838034.476622
200,M-1430,item:268967,5200.0,718022.396151
200,M-1810,item:268091,7204.351444,1822995.83084
200,SDC-1450,item:773474,38460.919959,6876495.396581
201,M-1430,item:268967,5200.0,723222.396151
201,M-1810,item:268091,7203.49886,1830199.3297
201,SDC-1450,item:773474,41684.590676,6918179.987258
202,M-1430,item:268967,5200.0,728422.396151
202,M-1810,item:268091,7203.328343,1837402.658043
202,SDC-1450,item:773474,44033.313404,6962213.300662
203,M-1430,item:268967,5200.0,733622.396151
203,M-1810,item:268091,11900.0,1849302.658043
203,SDC-1450,item:773474,45737.301989,7007950.602651
204,M-1430,item:268967,5200.0,738822.396151
204,M-1810,item:268091,11900.0,1861202.658043
204,SDC-1450,item:773474,46971.546028,7054922.14868
205,M-1430,item:268967,5200.0,744022.396151
205,M-1810,item:268091,11900.0,1873102.658043
205,SDC-1450,item:773474,47864.99235,7102787.14103
206,M-1430,item:268967,5200.0,749222.396151
206,M-1810,item:268091,11900.0,1885002.658043
206,SDC-1450,item:773474,48511.589865,7151298.730895
207,M-1430,item:268967,5200.0,754422.396151
207,M-1810,item:268091,11900.0,1896902.658043
207,SDC-1450,item:773474,48979.498115,7200278.22901
208,M-1430,item:268967,5200.0,759622.396151
208,M-1810,item:268091,11900.0,1908802.658043
208,SDC-1450,item:773474,49318.086862,7249596.315872
209,M-1430,item:268967,5200.0,764822.396151
209,M-1810,item:268091,11900.0,1920702.658043
209,SDC-1450,item:773474,49563.093959,7299159.40983
210,M-1430,item:268967,5200.0,770022.396151
210,M-1810,item:268091,8927.497175,1929630.155219
210,SDC-1450,item:773474,49740.383306,7348899.793137
211,M-1430,item:268967,5200.0,775222.396151
211,M-1810,item:268091,7935.556578,1937565.711797
211,SDC-1450,item:773474,49868.671235,7398768.464371
212,M-1430,item:268967,5200.0,780422.396151
212,M-1810,item:268091,7737.168459,1945302.880256
212,SDC-1450,item:773474,49961.501293,7448729.965665
213,M-1430,item:268967,5200.0,785622.396151
213,M-1810,item:268091,7697.490835,1953000.371091
213,SDC-1450,item:773474,50028.673766,7498758.639431
214,M-1430,item:268967,5200.0,790822.396151
214,M-1810,item:268091,7689.55531,1960689.926401
214,SDC-1450,item:773474,50077.280228,7548835.919659
215,M-1430,item:268967,5200.0,796022.396151
215,M-1810,item:268091,7687.968205,1968377.894606
215,SDC-1450,item:773474,50112.452194,7598948.371854
216,M-1430,item:268967,5200.0,801222.396151
216,M-1810,item:268091,7687.650784,1976065.54539
216,SDC-1450,item:773474,50137.902869,7649086.274723
217,M-1430,item:268967,2712.547555,803934.943706
217,M-1810,item:268091,4711.815871,1980777.361261
217,SDC-1450,item:773474,50156.31915,7699242.593873
218,M-1430,item:268967,1413.942857,805348.886563
218,M-1810,item:268091,4114.66375,1984892.025011
218,SDC-1450,item:773474,45366.514918,7744609.108791
219,M-1430,item:268967,1228.731428,806577.617992
219,M-1810,item:268091,3172.300575,1988064.325587
219,SDC-1450,item:773474,38065.494998,7782674.603789
220,M-1430,item:268967,1191.689142,807769.307134
220,M-1810,item:268091,3808.745829,1991873.071416
220,SDC-1450,item:773474,31364.803102,7814039.406891
221,M-1430,item:268967,1184.280685,808953.587819
221,M-1810,item:268091,3936.03488,1995809.106296
221,SDC-1450,item:773474,26052.788625,7840092.195516
222,M-1430,item:268967,1182.798994,810136.386813
222,M-1810,item:268091,3961.49269,1999770.598987
222,SDC-1450,item:773474,22066.607215,7862158.802731
223,M-1430,item:268967,1182.502656,811318.889469
223,M-1810,item:268091,3966.584252,2003737.183239
223,SDC-1450,item:773474,19139.967637,7881298.770368
224,M-1430,item:268967,923.357674,812242.247143
224,M-1810,item:268091,4889.202565,2008626.385804
224,SDC-1450,item:773474,17009.992129,7898308.762497
225,M-1430,item:268967,871.528678,813113.775821
225,M-1810,item:268091,5073.726227,2013700.112032
225,SDC-1450,item:773474,14964.950193,7913273.71269
226,M-1430,item:268967,861.162879,813974.9387
226,M-1810,item:268091,5110.63096,2018810.742992
226,SDC-1450,item:773474,13245.82449,7926519.53718
227,M-1430,item:268967,859.089719,814834.028419
227,M-1810,item:268091,5118.011906,2023928.754898
227,SDC-1450,item:773474,11915.691401,7938435.228582
228,M-1430,item:268967,858.675087,815692.703506
228,M-1810,item:268091,5119.488096,2029048.242994
228,SDC-1450,item:773474,10925.380298,7949360.608879
229,M-1430,item:268967,858.592161,816551.295666
229,M-1810,item:268091,5119.783334,2034168.026327
229,SDC-1450,item:773474,10200.295181,7959560.904061
230,M-1430,item:268967,858.575575,817409.871242
230,M-1810,item:268091,5119.842381,2039287.868708
230,SDC-1450,item:773474,9673.112159,7969234.01622
231,M-1430,item:268967,2888.057972,820297.929214
231,M-1810,item:268091,5272.882762,2044560.75147
231,SDC-1450,item:773474,9290.914135,7978524.930355
232,M-1430,item:268967,3293.954451,823591.883665
232,M-1810,item:268091,5303.490838,2049864.242308
232,SDC-1450,item:773474,12932.968761,7991457.899116
233,M-1430,item:268967,3375.133747,826967.017412
233,M-1810,item:268091,5309.612453,2055173.854761
233,SDC-1450,item:773474,17435.2262,8008893.125316
234,M-1430,item:268967,3391.369606,830358.387018
234,M-1810,item:268091,5310.836776,2060484.691537
234,SDC-1450,item:773474,21365.825356,8030258.950671
235,M-1430,item:268967,3394.616778,833753.003796
235,M-1810,item:268091,5311.081641,2065795.773178
235,SDC-1450,item:773474,24427.323552,8054686.274223
236,M-1430,item:268967,3395.266212,837148.270008
236,M-1810,item:268091,5311.130614,2071106.903792
236,SDC-1450,item:773474,26708.972023,8081395.246246
237,M-1430,item:268967,3395.396099,840543.666108
237,M-1810,item:268091,5311.140408,2076418.0442
237,SDC-1450,item:773474,28379.574876,8109774.821122
238,M-1430,item:268967,5200.0,845743.666108
238,M-1810,item:268091,10083.713796,2086501.757997
238,SDC-1450,item:773474,29594.098838,8139368.91996
239,M-1430,item:268967,5200.0,850943.666108
239,M-1810,item:268091,11038.228474,2097539.98647
239,SDC-1450,item:773474,33959.090583,8173328.010543
240,M-1430,item:268967,5200.0,856143.666108
240,M-1810,item:268091,11229.131409,2108769.117879
240,SDC-1450,item:773474,38081.177536,8211409.188079
241,M-1430,item:268967,5200.0,861343.666108
241,M-1810,item:268091,11267.311996,2120036.429875
241,SDC-1450,item:773474,41330.266139,8252739.454218
242,M-1430,item:268967,5200.0,866543.666108
242,M-1810,item:268091,11274.948114,2131311.377989
242,SDC-1450,item:773474,43754.937352,8296494.39157
243,M-1430,item:268967,5200.0,871743.666108
243,M-1810,item:268091,11276.475337,2142587.853326
243,SDC-1450,item:773474,45529.790844,8342024.182414
244,M-1430,item:268967,5200.0,876943.666108
244,M-1810,item:268091,11276.780782,2153864.634108
244,SDC-1450,item:773474,46819.710094,8388843.892507
245,M-1430,item:268967,2663.408843,879607.074951
245,M-1810,item:268091,9874.556156,2163739.190264
245,SDC-1450,item:773474,47754.658645,8436598.551152
246,M-1430,item:268967,911.085715,880518.160666
246,M-1810,item:268091,9594.111231,2173333.301496
246,SDC-1450,item:773474,43533.608887,8480132.160039
247,M-1430,item:268967,378.403946,880896.564612
247,M-1810,item:268091,9538.022246,2182871.323742
247,SDC-1450,item:773474,35741.932287,8515874.092326
248,M-1430,item:268967,518.766504,881415.331115
248,M-1810,item:268091,9526.804449,2192398.128191
248,SDC-1450,item:773474,27765.887187,8543639.979514
249,M-1430,item:268967,546.839015,881962.17013
249,M-1810,item:268091,9524.56089,2201922.689081
249,SDC-1450,item:773474,21619.20959,8565259.189104
250,M-1430,item:268967,552.453517,882514.623648
250,M-1810,item:268091,9524.112178,2211446.801259
250,SDC-1450,item:773474,17121.947449,8582381.136553
251,M-1430,item:268967,553.576418,883068.200066
251,M-1810,item:268091,9524.022436,2220970.823695
251,SDC-1450,item:773474,13864.862115,8596245.998667
252,M-1430,item:268967,2534.715284,885602.915349
252,M-1810,item:268091,9176.918773,2230147.742467
252,SDC-1450,item:773474,11509.397466,8607755.396134
253,M-1430,item:268967,2930.943057,888533.858406
253,M-1810,item:268091,9107.49804,2239255.240507
253,SDC-1450,item:773474,13630.817298,8621386.213431
254,M-1430,item:268967,3010.188611,891544.047017
254,M-1810,item:268091,9093.613894,2248348.854401
254,SDC-1450,item:773474,16988.423542,8638374.636973
255,M-1430,item:268967,3026.037722,894570.08474
255,M-1810,item:268091,9090.837064,2257439.691465
255,SDC-1450,item:773474,20074.764516,8658449.40149
256,M-1430,item:268967,3029.207544,897599.292284
256,M-1810,item:268091,9090.281698,2266529.973164
256,SDC-1450,item:773474,22520.187981,8680969.589471
257,M-1430,item:268967,3029.841509,900629.133793
257,M-1810,item:268091,9090.170625,2275620.143789
257,SDC-1450,item:773474,24354.463999,8705324.05347
258,M-1430,item:268967,3029.968302,903659.102095
258,M-1810,item:268091,9090.148411,2284710.2922
258,SDC-1450,item:773474,25700.879473,8731024.932943
259,M-1430,item:268967,3421.879375,907080.981469
259,M-1810,item:268091,9927.858253,2294638.150453
259,SDC-1450,item:773474,26680.684574,8757705.617517
260,M-1430,item:268967,3500.261589,910581.243059
260,M-1810,item:268091,10095.400222,2304733.550675
260,SDC-1450,item:773474,28147.964758,8785853.582275
261,M-1430,item:268967,3515.938032,914097.181091
261,M-1810,item:268091,10128.908616,2314862.459291
261,SDC-1450,item:773474,29570.635557,8815424.217832
262,M-1430,item:268967,3519.073321,917616.254412
262,M-1810,item:268091,10135.610294,2324998.069585
262,SDC-1450,item:773474,30730.120647,8846154.338479
263,M-1430,item:268967,3519.700379,921135.954791
263,M-1810,item:268091,10136.95063,2335135.020215
263,SDC-1450,item:773474,31611.125643,8877765.464122
264,M-1430,item:268967,3519.82579,924655.780581
264,M-1810,item:268091,10137.218697,2345272.238912
264,SDC-1450,item:773474,32261.444433,8910026.908555
265,M-1430,item:268967,3519.850872,928175.631453
265,M-1810,item:268091,10137.272311,2355409.511223
265,SDC-1450,item:773474,32735.804387,8942762.712942
266,M-1430,item:268967,5200.0,933375.631453
266,M-1810,item:268091,11900.0,2367309.511223
266,SDC-1450,item:773474,33080.149016,8975842.861958
267,M-1430,item:268967,5200.0,938575.631453
267,M-1810,item:268091,11900.0,2379209.511223
267,SDC-1450,item:773474,36573.894858,9012416.756816
268,M-1430,item:268967,5200.0,943775.631453
268,M-1810,item:268091,11900.0,2391109.511223
268,SDC-1450,item:773474,39998.771775,9052415.528591
269,M-1430,item:268967,5200.0,948975.631453
269,M-1810,item:268091,11900.0,2403009.511223
269,SDC-1450,item:773474,42724.899523,9095140.428114
270,M-1430,item:268967,5200.0,954175.631453
270,M-1810,item:268091,11900.0,2414909.511223
270,SDC-1450,item:773474,44766.051888,9139906.480003
271,M-1430,item:268967,5200.0,959375.631453
271,M-1810,item:268091,11900.0,2426809.511223
271,SDC-1450,item:773474,46261.978704,9186168.458706
272,M-1430,item:268967,5200.0,964575.631453
272,M-1810,item:268091,11900.0,2438709.511223
272,SDC-1450,item:773474,47349.675046,9233518.133752
273,M-1430,item:268967,2940.193168,967515.824621
273,M-1810,item:268091,8875.077871,2447584.589094
273,SDC-1450,item:773474,48138.186025,9281656.319778
274,M-1430,item:268967,1702.514286,969218.338907
274,M-1810,item:268091,8009.872717,2455594.461811
274,SDC-1450,item:773474,44345.598197,9326001.917975
275,M-1430,item:268967,2043.017143,971261.35605
275,M-1810,item:268091,7836.831687,2463431.293498
275,SDC-1450,item:773474,38005.420056,9364007.338031
276,M-1430,item:268967,2111.117714,973372.473764
276,M-1810,item:268091,7802.223481,2471233.516979
276,SDC-1450,item:773474,33081.251293,9397088.589323
277,M-1430,item:268967,2124.737828,975497.211592
277,M-1810,item:268091,7795.301839,2479028.818818
277,SDC-1450,item:773474,29556.616521,9426645.205844
278,M-1430,item:268967,2127.461851,977624.673443
278,M-1810,item:268091,7793.917511,2486822.736329
278,SDC-1450,item:773474,27043.115173,9453688.321017
279,M-1430,item:268967,2128.006656,979752.680099
279,M-1810,item:268091,7793.640645,2494616.376974
279,SDC-1450,item:773474,25239.800715,9478928.121733
280,M-1430,item:268967,3624.344188,983377.024287
280,M-1810,item:268091,8946.613843,2503562.990818
280,SDC-1450,item:773474,23940.238514,9502868.360246
281,M-1430,item:268967,3923.611694,987300.635982
281,M-1810,item:268091,9177.208483,2512740.199301
281,SDC-1450,item:773474,25890.682584,9528759.042831
282,M-1430,item:268967,3983.465196,991284.101177
282,M-1810,item:268091,9223.327411,2521963.526712
282,SDC-1450,item:773474,28678.907772,9557437.950603
283,M-1430,item:268967,3995.435896,995279.537073
283,M-1810,item:268091,9232.551197,2531196.077909
283,SDC-1450,item:773474,31192.61788,9588630.568483
284,M-1430,item:268967,3997.830036,999277.367109
284,M-1810,item:268091,9234.395954,2540430.473862
284,SDC-1450,item:773474,33171.797699,9621802.366181
285,M-1430,item:268967,3998.308864,1003275.675973
285,M-1810,item:268091,9234.764905,2549665.238767
285,SDC-1450,item:773474,34652.858444,9656455.224626
286,M-1430,item:268967,3998.40463,1007274.080603
286,M-1810,item:268091,9234.838695,2558900.077463
286,SDC-1450,item:773474,35739.007816,9692194.232442
287,M-1430,item:268967,4458.538069,1011732.618672
287,M-1810,item:268091,10082.624882,2568982.702345
287,SDC-1450,item:773474,36529.129957,9728723.362399
288,M-1430,item:268967,4550.564757,1016283.183429
288,M-1810,item:268091,10252.18212,2579234.884465
288,SDC-1450,item:773474,37990.513944,9766713.876343
289,M-1430,item:268967,4568.970095,1020852.153524
289,M-1810,item:268091,10286.093567,2589520.978032
289,SDC-1450,item:773474,39471.571846,9806185.44819
290,M-1430,item:268967,4572.651162,1025424.804686
290,M-1810,item:268091,10292.875857,2599813.853889
290,SDC-1450,item:773474,40695.89262,9846881.34081
291,M-1430,item:268967,4573.387376,1029998.192061
291,M-1810,item:268091,10294.232315,2610108.086203
291,SDC-1450,item:773474,41631.109748,9888512.450558
292,M-1430,item:268967,4573.534618,1034571.72668
292,M-1810,item:268091,10294.503606,2620402.589809
292,SDC-1450,item:773474,42322.884307,9930835.334865
293,M-1430,item:268967,4573.564067,1039145.290747
293,M-1810,item:268091,10294.557864,2630697.147674
293,SDC-1450,item:773474,42827.899758,9973663.234623
294,M-1430,item:268967,5200.0,1044345.290747
294,M-1810,item:268091,11214.340144,2641911.487818
294,SDC-1450,item:773474,43194.617161,10016857.851783
295,M-1430,item:268967,5200.0,1049545.290747
295,M-1810,item:268091,11398.2966,2653309.784418
295,SDC-1450,item:773474,44669.943929,10061527.795712
296,M-1430,item:268967,5200.0,1054745.290747
296,M-1810,item:268091,11435.087891,2664744.872309
296,SDC-1450,item:773474,46071.927217,10107599.722929
297,M-1430,item:268967,5200.0,1059945.290747
297,M-1810,item:268091,11442.446149,2676187.318458
297,SDC-1450,item:773474,47178.845151,10154778.56808
298,M-1430,item:268967,5200.0,1065145.290747
298,M-1810,item:268091,11443.917801,2687631.236259
298,SDC-1450,item:773474,48005.366428,10202783.934508
299,M-1430,item:268967,5200.0,1070345.290747
299,M-1810,item:268091,11444.212131,2699075.448391
299,SDC-1450,item:773474,48610.504118,10251394.438626
300,M-1430,item:268967,5200.0,1075545.290747
300,M-1810,item:268091,11444.270997,2710519.719388
300,SDC-1450,item:773474,49050.337552,10300444.776178
301,M-1430,item:268967,4284.824606,1079830.115352
301,M-1810,item:268091,8180.854199,2718700.573588
301,SDC-1450,item:773474,49369.143448,10349813.919626
302,M-1430,item:268967,3917.307778,1083747.42313
302,M-1810,item:268091,7528.17084,2726228.744428
302,SDC-1450,item:773474,47832.830588,10397646.750214
303,M-1430,item:268967,3843.804412,1087591.227543
303,M-1810,item:268091,7397.634168,2733626.378596
303,SDC-1450,item:773474,45523.102281,10443169.852495
304,M-1430,item:268967,3829.103739,1091420.331282
304,M-1810,item:268091,7371.526834,2740997.905429
304,SDC-1450,item:773474,43378.705694,10486548.558189
305,M-1430,item:268967,3826.163605,1095246.494887
305,M-1810,item:268091,7366.305367,2748364.210796
305,SDC-1450,item:773474,41667.868596,10528216.426785
306,M-1430,item:268967,3825.575578,1099072.070465
306,M-1810,item:268091,7365.261073,2755729.471869
306,SDC-1450,item:773474,40380.233583,10568596.660368
307,M-1430,item:268967,3825.457972,1102897.528437
307,M-1810,item:268091,7365.052215,2763094.524084
307,SDC-1450,item:773474,39433.630541,10608030.29091
308,M-1430,item:268967,5200.0,1108097.528437
308,M-1810,item:268091,9587.639014,2772682.163098
308,SDC-1450,item:773474,38744.327414,10646774.618323
309,M-1430,item:268967,5200.0,1113297.528437
309,M-1810,item:268091,10032.156374,2782714.319472
309,SDC-1450,item:773474,40898.508025,10687673.126349
310,M-1430,item:268967,5200.0,1118497.528437
310,M-1810,item:268091,10121.059846,2792835.379318
310,SDC-1450,item:773474,43190.549263,10730863.675611
311,M-1430,item:268967,5200.0,1123697.528437
311,M-1810,item:268091,10138.84054,2802974.219859
311,SDC-1450,item:773474,45051.754378,10775915.429989
312,M-1430,item:268967,5200.0,1128897.528437
312,M-1810,item:268091,10142.396679,2813116.616538
312,SDC-1450,item:773474,46454.551245,10822369.981234
313,M-1430,item:268967,5200.0,1134097.528437
313,M-1810,item:268091,10143.107907,2823259.724445
313,SDC-1450,item:773474,47485.10709,10869855.088324
314,M-1430,item:268967,5200.0,1139297.528437
314,M-1810,item:268091,10143.250153,2833402.974598
314,SDC-1450,item:773474,48235.103561,10918090.191884
315,M-1430,item:268967,4611.990082,1143909.518519
315,M-1810,item:268091,6938.250031,2840341.224628
315,SDC-1450,item:773474,48778.988863,10966869.180747
316,M-1430,item:268967,3994.512302,1147904.030821
316,M-1810,item:268091,5387.880944,2845729.105572
316,SDC-1450,item:773474,48037.460883,11014906.64163
317,M-1430,item:268967,3871.016746,1151775.047567
317,M-1810,item:268091,5987.176189,2851716.281761
317,SDC-1450,item:773474,45994.841076,11060901.482706
318,M-1430,item:268967,3846.317635,1155621.365202
318,M-1810,item:268091,6107.035238,2857823.316999
318,SDC-1450,item:773474,43862.06391,11104763.546616
319,M-1430,item:268967,3841.377813,1159462.743015
319,M-1810,item:268091,6131.007048,2863954.324046
319,SDC-1450,item:773474,42090.118116,11146853.664732
320,M-1430,item:268967,3840.389848,1163303.132863
320,M-1810,item:268091,6135.80141,2870090.125456
320,SDC-1450,item:773474,40735.189236,11187588.853968
321,M-1430,item:268967,3840.192255,1167143.325118
321,M-1810,item:268091,6136.760282,2876226.885738
321,SDC-1450,item:773474,39732.741812,11227321.595779
322,M-1430,item:268967,4852.038451,1171995.363569
322,M-1810,item:268091,11900.0,2888126.885738
322,SDC-1450,item:773474,39000.898622,11266322.494402
323,M-1430,item:268967,5054.40769,1177049.771259
323,M-1810,item:268091,11900.0,2900026.885738
323,SDC-1450,item:773474,40423.362854,11306745.857256
324,M-1430,item:268967,5094.881538,1182144.652797
324,M-1810,item:268091,11900.0,2911926.885738
324,SDC-1450,item:773474,42382.959311,11349128.816566
325,M-1430,item:268967,5102.976308,1187247.629105
325,M-1810,item:268091,11900.0,2923826.885738
325,SDC-1450,item:773474,44136.215639,11393265.032205
326,M-1430,item:268967,5104.595262,1192352.224367
326,M-1810,item:268091,11900.0,2935726.885738
326,SDC-1450,item:773474,45513.183219,11438778.215424
327,M-1430,item:268967,5104.919052,1197457.143419
327,M-1810,item:268091,11900.0,2947626.885738
327,SDC-1450,item:773474,46542.625642,11485320.841065
328,M-1430,item:268967,5104.98381,1202562.127229
328,M-1810,item:268091,11900.0,2959526.885738
328,SDC-1450,item:773474,47297.299771,11532618.140836
329,M-1430,item:268967,5200.0,1207762.127229
329,M-1810,item:268091,11900.0,2971426.885738
329,SDC-1450,item:773474,47846.210459,11580464.351295
330,M-1430,item:268967,5200.0,1212962.127229
330,M-1810,item:268091,11900.0,2983326.885738
330,SDC-1450,item:773474,48427.657225,11628892.00852
331,M-1430,item:268967,5200.0,1218162.127229
331,M-1810,item:268091,11900.0,2995226.885738
331,SDC-1450,item:773474,48899.321853,11677791.330373
332,M-1430,item:268967,5200.0,1223362.127229
332,M-1810,item:268091,11900.0,3007126.885738
332,SDC-1450,item:773474,49254.697128,11727046.027501
333,M-1430,item:268967,5200.0,1228562.127229
333,M-1810,item:268091,11900.0,3019026.885738
333,SDC-1450,item:773474,49515.739478,11776561.766979
334,M-1430,item:268967,5200.0,1233762.127229
334,M-1810,item:268091,11900.0,3030926.885738
334,SDC-1450,item:773474,49705.706772,11826267.473751
335,M-1430,item:268967,5200.0,1238962.127229
335,M-1810,item:268091,11900.0,3042826.885738
335,SDC-1450,item:773474,49843.465596,11876110.939347
336,M-1430,item:268967,4859.052639,1243821.179868
336,M-1810,item:268091,11111.311338,3053938.197076
336,SDC-1450,item:773474,49943.230962,11926054.170309
337,M-1430,item:268967,4457.981957,1248279.161825
337,M-1810,item:268091,10092.776553,3064030.973629
337,SDC-1450,item:773474,49357.094438,11975411.264747
338,M-1430,item:268967,4377.76782,1252656.929645
338,M-1810,item:268091,9889.069596,3073920.043226
338,SDC-1450,item:773474,47976.559973,12023387.82472
339,M-1430,item:268967,4361.724993,1257018.654638
339,M-1810,item:268091,9848.328205,3083768.371431
339,SDC-1450,item:773474,46558.36384,12069946.18856
340,M-1430,item:268967,4358.516427,1261377.171065
340,M-1810,item:268091,9840.179927,3093608.551357
340,SDC-1450,item:773474,45385.296805,12115331.485366
341,M-1430,item:268967,4357.874714,1265735.045779
341,M-1810,item:268091,9838.550271,3103447.101628
341,SDC-1450,item:773474,44489.673438,12159821.158804
342,M-1430,item:268967,4357.746372,1270092.792151
342,M-1810,item:268091,9838.22434,3113285.325968
342,SDC-1450,item:773474,43827.424366,12203648.583171
343,M-1430,item:268967,4714.977846,1274807.769996
343,M-1810,item:268091,10581.816297,3123867.142265
343,SDC-1450,item:773474,43344.052145,12246992.635316
344,M-1430,item:268967,4786.42414,1279594.194137
344,M-1810,item:268091,10730.534688,3134597.676953
344,SDC-1450,item:773474,43682.923567,12290675.558883
345,M-1430,item:268967,4800.713399,1284394.907536
345,M-1810,item:268091,10760.278366,3145357.955319
345,SDC-1450,item:773474,44256.428199,12334931.987082
346,M-1430,item:268967,4803.571251,1289198.478787
346,M-1810,item:268091,10766.227102,3156124.182421
346,SDC-1450,item:773474,44789.750299,12379721.737381
347,M-1430,item:268967,4804.142821,1294002.621608
347,M-1810,item:268091,10767.416849,3166891.59927
347,SDC-1450,item:773474,45213.889824,12424935.627204
348,M-1430,item:268967,4804.257135,1298806.878744
348,M-1810,item:268091,10767.654799,3177659.254069
348,SDC-1450,item:773474,45532.468598,12470468.095803
349,M-1430,item:268967,4804.279998,1303611.158742
349,M-1810,item:268091,10767.702389,3188426.956458
349,SDC-1450,item:773474,45766.440202,12516234.536005
350,M-1430,item:268967,5200.0,1308811.158742
350,M-1810,item:268091,11900.0,3200326.956458
350,SDC-1450,item:773474,45936.740198,12562171.276203
351,M-1430,item:268967,5200.0,1314011.158742
351,M-1810,item:268091,11900.0,3212226.956458
351,SDC-1450,item:773474,46824.358877,12608995.63508
352,M-1430,item:268967,5200.0,1319211.158742
352,M-1810,item:268091,11900.0,3224126.956458
352,SDC-1450,item:773474,47677.917558,12656673.552638
353,M-1430,item:268967,5200.0,1324411.158742
353,M-1810,item:268091,11900.0,3236026.956458
353,SDC-1450,item:773474,48353.952502,12705027.50514
354,M-1430,item:268967,5200.0,1329611.158742
354,M-1810,item:268091,11900.0,3247926.956458
354,SDC-1450,item:773474,48859.275711,12753886.780851
355,M-1430,item:268967,5200.0,1334811.158742
355,M-1810,item:268091,11900.0,3259826.956458
355,SDC-1450,item:773474,49229.39193,12803116.172781
356,M-1430,item:268967,5200.0,1340011.158742
356,M-1810,item:268091,11900.0,3271726.956458
356,SDC-1450,item:773474,49498.443508,12852614.616289
357,M-1430,item:268967,3375.022189,1343386.180931
357,M-1810,item:268091,11900.0,3283626.956458
357,SDC-1450,item:773474,49693.471842,12902308.088131
358,M-1430,item:268967,2590.547295,1345976.728225
358,M-1810,item:268091,11900.0,3295526.956458
358,SDC-1450,item:773474,46310.760635,12948618.848767
359,M-1430,item:268967,2433.652316,1348410.380541
359,M-1810,item:268091,11900.0,3307426.956458
359,SDC-1450,item:773474,41374.266986,12989993.115752
360,M-1430,item:268967,2402.27332,1350812.653861
360,M-1810,item:268091,11900.0,3319326.956458
360,SDC-1450,item:773474,36811.360222,13026804.475975
361,M-1430,item:268967,2395.997521,1353208.651382
361,M-1810,item:268091,11900.0,3331226.956458
361,SDC-1450,item:773474,33175.161118,13059979.637092
362,M-1430,item:268967,2394.742361,1355603.393743
362,M-1810,item:268091,11900.0,3343126.956458
362,SDC-1450,item:773474,30439.425152,13090419.062244
363,M-1430,item:268967,2394.491329,1357997.885072
363,M-1810,item:268091,11900.0,3355026.956458
363,SDC-1450,item:773474,28428.505364,13118847.567607
364,M-1430,item:268967,2394.441123,1360392.326194
364,M-1810,item:268091,11900.0,3366926.956458
364,SDC-1450,item:773474,26964.24804,13145811.815648
