day,node_id,item_id,produced_qty,cum_produced_qty,stock_end_of_day
0,M-1430,item:268967,107800.0,107800.0,107800.0
0,M-1810,item:268091,14400.0,14400.0,14400.0
0,SDC-1450,item:773474,3200000.0,3200000.0,12800000.0
1,M-1430,item:268967,0.0,107800.0,107800.0
1,M-1810,item:268091,0.0,14400.0,14400.0
1,SDC-1450,item:773474,3200000.0,6400000.0,9568167.0
2,M-1430,item:268967,0.0,107800.0,73201.42857
2,M-1810,item:268091,14400.0,28800.0,14400.0
2,SDC-1450,item:773474,3200000.0,9600000.0,12768167.0
3,M-1430,item:268967,0.0,107800.0,55261.428569
3,M-1810,item:268091,14400.0,43200.0,14400.0
3,SDC-1450,item:773474,3200000.0,12800000.0,15968167.0
4,M-1430,item:268967,0.0,107800.0,33777.204078
4,M-1810,item:268091,14400.0,57600.0,14400.0
4,SDC-1450,item:773474,3200000.0,16000000.0,19168167.0
5,M-1430,item:268967,0.0,107800.0,33777.204078
5,M-1810,item:268091,14400.0,72000.0,14400.0
5,SDC-1450,item:773474,0.0,16000000.0,19168167.0
6,M-1430,item:268967,0.0,107800.0,28122.204078
6,M-1810,item:268091,14400.0,86400.0,14400.0
6,SDC-1450,item:773474,0.0,16000000.0,19168167.0
7,M-1430,item:268967,107800.0,215600.0,117678.163261
7,M-1810,item:268091,14400.0,100800.0,14400.0
7,SDC-1450,item:773474,0.0,16000000.0,19168167.0
8,M-1430,item:268967,0.0,215600.0,86317.38775
8,M-1810,item:268091,14400.0,115200.0,15709.28571
8,SDC-1450,item:773474,0.0,16000000.0,17516181.0
9,M-1430,item:268967,0.0,215600.0,59556.224483
9,M-1810,item:268091,14400.0,129600.0,30109.28571
9,SDC-1450,item:773474,0.0,16000000.0,17516181.0
10,M-1430,item:268967,0.0,215600.0,59556.224483
10,M-1810,item:268091,14400.0,144000.0,37448.83673
10,SDC-1450,item:773474,0.0,16000000.0,17516181.0
11,M-1430,item:268967,0.0,215600.0,59556.224483
11,M-1810,item:268091,14400.0,158400.0,34512.775504
11,SDC-1450,item:773474,0.0,16000000.0,17516181.0
12,M-1430,item:268967,0.0,215600.0,59556.224483
12,M-1810,item:268091,14400.0,172800.0,28038.244892
12,SDC-1450,item:773474,0.0,16000000.0,17516181.0
13,M-1430,item:268967,0.0,215600.0,59556.224483
13,M-1810,item:268091,14400.0,187200.0,27977.551016
13,SDC-1450,item:773474,0.0,16000000.0,17516181.0
14,M-1430,item:268967,0.0,215600.0,59556.224483
14,M-1810,item:268091,14400.0,201600.0,37545.857139
14,SDC-1450,item:773474,0.0,16000000.0,17516181.0
15,M-1430,item:268967,0.0,215600.0,59556.224483
15,M-1810,item:268091,0.0,201600.0,35606.020404
15,SDC-1450,item:773474,0.0,16000000.0,17516181.0
16,M-1430,item:268967,0.0,215600.0,59556.224483
16,M-1810,item:268091,14400.0,216000.0,41005.734689
16,SDC-1450,item:773474,0.0,16000000.0,17516181.0
17,M-1430,item:268967,0.0,215600.0,59556.224483
17,M-1810,item:268091,14400.0,230400.0,31752.591831
17,SDC-1450,item:773474,0.0,16000000.0,17516181.0
18,M-1430,item:268967,0.0,215600.0,59556.224483
18,M-1810,item:268091,14400.0,244800.0,14400.0
18,SDC-1450,item:773474,0.0,16000000.0,17516181.0
19,M-1430,item:268967,0.0,215600.0,59556.224483
19,M-1810,item:268091,14400.0,259200.0,28800.0
19,SDC-1450,item:773474,0.0,16000000.0,17516181.0
20,M-1430,item:268967,0.0,215600.0,59556.224483
20,M-1810,item:268091,14400.0,273600.0,30484.061218
20,SDC-1450,item:773474,0.0,16000000.0,17516181.0
21,M-1430,item:268967,0.0,215600.0,59556.224483
21,M-1810,item:268091,14400.0,288000.0,14400.0
21,SDC-1450,item:773474,0.0,16000000.0,17516181.0
22,M-1430,item:268967,0.0,215600.0,59556.224483
22,M-1810,item:268091,14400.0,302400.0,14400.0
22,SDC-1450,item:773474,0.0,16000000.0,17516181.0
23,M-1430,item:268967,0.0,215600.0,59556.224483
23,M-1810,item:268091,14400.0,316800.0,14400.0
23,SDC-1450,item:773474,0.0,16000000.0,17516181.0
24,M-1430,item:268967,0.0,215600.0,59556.224483
24,M-1810,item:268091,14400.0,331200.0,20270.897952
24,SDC-1450,item:773474,0.0,16000000.0,17516181.0
25,M-1430,item:268967,0.0,215600.0,53546.12244
25,M-1810,item:268091,14400.0,345600.0,17524.448967
25,SDC-1450,item:773474,0.0,16000000.0,17516181.0
26,M-1430,item:268967,0.0,215600.0,41165.571419
26,M-1810,item:268091,14400.0,360000.0,14880.653052
26,SDC-1450,item:773474,0.0,16000000.0,17516181.0
27,M-1430,item:268967,0.0,215600.0,22269.755093
27,M-1810,item:268091,14400.0,374400.0,14400.0
27,SDC-1450,item:773474,0.0,16000000.0,17516181.0
28,M-1430,item:268967,107800.0,323400.0,116894.408157
28,M-1810,item:268091,14400.0,388800.0,14400.0
28,SDC-1450,item:773474,0.0,16000000.0,17516181.0
29,M-1430,item:268967,0.0,323400.0,115809.97959
29,M-1810,item:268091,14400.0,403200.0,28800.0
29,SDC-1450,item:773474,0.0,16000000.0,17516181.0
30,M-1430,item:268967,0.0,323400.0,115809.97959
30,M-1810,item:268091,14400.0,417600.0,43200.0
30,SDC-1450,item:773474,0.0,16000000.0,17516181.0
31,M-1430,item:268967,0.0,323400.0,115809.97959
31,M-1810,item:268091,14400.0,432000.0,57600.0
31,SDC-1450,item:773474,0.0,16000000.0,17516181.0
32,M-1430,item:268967,0.0,323400.0,115809.97959
32,M-1810,item:268091,0.0,432000.0,55504.653061
32,SDC-1450,item:773474,0.0,16000000.0,17516181.0
33,M-1430,item:268967,0.0,323400.0,115809.97959
33,M-1810,item:268091,0.0,432000.0,47332.734692
33,SDC-1450,item:773474,0.0,16000000.0,17516181.0
34,M-1430,item:268967,0.0,323400.0,115809.97959
34,M-1810,item:268091,14400.0,446400.0,45516.16326
34,SDC-1450,item:773474,0.0,16000000.0,17516181.0
35,M-1430,item:268967,0.0,323400.0,115809.97959
35,M-1810,item:268091,14400.0,460800.0,35782.204071
35,SDC-1450,item:773474,0.0,16000000.0,17516181.0
36,M-1430,item:268967,0.0,323400.0,114823.428566
36,M-1810,item:268091,14400.0,475200.0,42646.612232
36,SDC-1450,item:773474,0.0,16000000.0,17516181.0
37,M-1430,item:268967,0.0,323400.0,112176.87754
37,M-1810,item:268091,0.0,475200.0,42646.612232
37,SDC-1450,item:773474,0.0,16000000.0,17516181.0
38,M-1430,item:268967,0.0,323400.0,102862.959177
38,M-1810,item:268091,0.0,475200.0,42646.612232
38,SDC-1450,item:773474,0.0,16000000.0,17516181.0
39,M-1430,item:268967,0.0,323400.0,82817.530611
39,M-1810,item:268091,0.0,475200.0,42646.612232
39,SDC-1450,item:773474,0.0,16000000.0,17516181.0
40,M-1430,item:268967,0.0,323400.0,60923.469387
40,M-1810,item:268091,0.0,475200.0,42646.612232
40,SDC-1450,item:773474,0.0,16000000.0,17516181.0
41,M-1430,item:268967,0.0,323400.0,60923.469387
41,M-1810,item:268091,0.0,475200.0,42646.612232
41,SDC-1450,item:773474,0.0,16000000.0,17516181.0
42,M-1430,item:268967,0.0,323400.0,57350.673465
42,M-1810,item:268091,0.0,475200.0,40846.897956
42,SDC-1450,item:773474,0.0,16000000.0,17516181.0
43,M-1430,item:268967,0.0,323400.0,41322.204075
43,M-1810,item:268091,0.0,475200.0,36414.857151
43,SDC-1450,item:773474,0.0,16000000.0,17516181.0
44,M-1430,item:268967,107800.0,431200.0,123779.816321
44,M-1810,item:268091,14400.0,489600.0,45890.816338
44,SDC-1450,item:773474,0.0,16000000.0,17516181.0
45,M-1430,item:268967,0.0,431200.0,112697.224488
45,M-1810,item:268091,14400.0,504000.0,37349.14286
45,SDC-1450,item:773474,0.0,16000000.0,17516181.0
46,M-1430,item:268967,0.0,431200.0,112697.224488
46,M-1810,item:268091,14400.0,518400.0,14400.0
46,SDC-1450,item:773474,0.0,16000000.0,17516181.0
47,M-1430,item:268967,0.0,431200.0,112697.224488
47,M-1810,item:268091,14400.0,532800.0,14400.0
47,SDC-1450,item:773474,0.0,16000000.0,17516181.0
48,M-1430,item:268967,0.0,431200.0,112697.224488
48,M-1810,item:268091,14400.0,547200.0,14400.0
48,SDC-1450,item:773474,0.0,16000000.0,17516181.0
49,M-1430,item:268967,0.0,431200.0,112697.224488
49,M-1810,item:268091,14400.0,561600.0,14400.0
49,SDC-1450,item:773474,0.0,16000000.0,17516181.0
50,M-1430,item:268967,0.0,431200.0,112697.224488
50,M-1810,item:268091,14400.0,576000.0,14400.0
50,SDC-1450,item:773474,0.0,16000000.0,17516181.0
51,M-1430,item:268967,0.0,431200.0,112697.224488
51,M-1810,item:268091,14400.0,590400.0,14400.0
51,SDC-1450,item:773474,0.0,16000000.0,17516181.0
52,M-1430,item:268967,0.0,431200.0,112697.224488
52,M-1810,item:268091,14400.0,604800.0,14400.0
52,SDC-1450,item:773474,0.0,16000000.0,17516181.0
53,M-1430,item:268967,0.0,431200.0,112697.224488
53,M-1810,item:268091,14400.0,619200.0,14400.0
53,SDC-1450,item:773474,0.0,16000000.0,17516181.0
54,M-1430,item:268967,0.0,431200.0,106849.836726
54,M-1810,item:268091,14400.0,633600.0,14400.0
54,SDC-1450,item:773474,0.0,16000000.0,17516181.0
55,M-1430,item:268967,0.0,431200.0,91176.959168
55,M-1810,item:268091,14400.0,648000.0,14400.0
55,SDC-1450,item:773474,0.0,16000000.0,17516181.0
56,M-1430,item:268967,0.0,431200.0,71228.999984
56,M-1810,item:268091,14400.0,662400.0,14400.0
56,SDC-1450,item:773474,0.0,16000000.0,17516181.0
57,M-1430,item:268967,0.0,431200.0,56534.469377
57,M-1810,item:268091,14400.0,676800.0,14400.0
57,SDC-1450,item:773474,0.0,16000000.0,17516181.0
58,M-1430,item:268967,0.0,431200.0,51071.469383
58,M-1810,item:268091,14400.0,691200.0,14400.0
58,SDC-1450,item:773474,0.0,16000000.0,17516181.0
59,M-1430,item:268967,0.0,431200.0,51071.469383
59,M-1810,item:268091,14400.0,705600.0,14400.0
59,SDC-1450,item:773474,0.0,16000000.0,17516181.0
60,M-1430,item:268967,0.0,431200.0,51071.469383
60,M-1810,item:268091,14400.0,720000.0,14400.0
60,SDC-1450,item:773474,0.0,16000000.0,17516181.0
61,M-1430,item:268967,0.0,431200.0,51071.469383
61,M-1810,item:268091,14400.0,734400.0,14400.0
61,SDC-1450,item:773474,0.0,16000000.0,17516181.0
62,M-1430,item:268967,0.0,431200.0,51071.469383
62,M-1810,item:268091,14400.0,748800.0,14400.0
62,SDC-1450,item:773474,0.0,16000000.0,17516181.0
63,M-1430,item:268967,0.0,431200.0,51071.469383
63,M-1810,item:268091,14400.0,763200.0,14400.0
63,SDC-1450,item:773474,0.0,16000000.0,17516181.0
64,M-1430,item:268967,0.0,431200.0,51071.469383
64,M-1810,item:268091,14400.0,777600.0,14400.0
64,SDC-1450,item:773474,0.0,16000000.0,17516181.0
65,M-1430,item:268967,0.0,431200.0,51071.469383
65,M-1810,item:268091,14400.0,792000.0,28800.0
65,SDC-1450,item:773474,0.0,16000000.0,17516181.0
66,M-1430,item:268967,0.0,431200.0,51071.469383
66,M-1810,item:268091,14400.0,806400.0,38534.408164
66,SDC-1450,item:773474,0.0,16000000.0,17516181.0
67,M-1430,item:268967,0.0,431200.0,47848.918359
67,M-1810,item:268091,14400.0,820800.0,40985.918368
67,SDC-1450,item:773474,0.0,16000000.0,17516181.0
68,M-1430,item:268967,0.0,431200.0,35367.142846
68,M-1810,item:268091,14400.0,835200.0,41072.816328
68,SDC-1450,item:773474,0.0,16000000.0,17516181.0
69,M-1430,item:268967,107800.0,539000.0,124340.857131
69,M-1810,item:268091,14400.0,849600.0,46330.69388
69,SDC-1450,item:773474,0.0,16000000.0,17516181.0
70,M-1430,item:268967,0.0,539000.0,95639.673456
70,M-1810,item:268091,0.0,849600.0,44976.857145
70,SDC-1450,item:773474,0.0,16000000.0,17516181.0
71,M-1430,item:268967,0.0,539000.0,95639.673456
71,M-1810,item:268091,0.0,849600.0,44976.857145
71,SDC-1450,item:773474,0.0,16000000.0,17516181.0
72,M-1430,item:268967,0.0,539000.0,95639.673456
72,M-1810,item:268091,0.0,849600.0,41827.428574
72,SDC-1450,item:773474,0.0,16000000.0,17516181.0
73,M-1430,item:268967,0.0,539000.0,95639.673456
73,M-1810,item:268091,14400.0,864000.0,39171.46939
73,SDC-1450,item:773474,0.0,16000000.0,17516181.0
74,M-1430,item:268967,0.0,539000.0,95639.673456
74,M-1810,item:268091,14400.0,878400.0,25468.448981
74,SDC-1450,item:773474,0.0,16000000.0,17516181.0
75,M-1430,item:268967,0.0,539000.0,95639.673456
75,M-1810,item:268091,14400.0,892800.0,14400.0
75,SDC-1450,item:773474,0.0,16000000.0,17516181.0
76,M-1430,item:268967,0.0,539000.0,95639.673456
76,M-1810,item:268091,14400.0,907200.0,16593.10204
76,SDC-1450,item:773474,0.0,16000000.0,17516181.0
77,M-1430,item:268967,0.0,539000.0,93638.204078
77,M-1810,item:268091,14400.0,921600.0,29188.285713
77,SDC-1450,item:773474,0.0,16000000.0,17516181.0
78,M-1430,item:268967,0.0,539000.0,89754.244905
78,M-1810,item:268091,14400.0,936000.0,38634.040815
78,SDC-1450,item:773474,0.0,16000000.0,17516181.0
79,M-1430,item:268967,0.0,539000.0,86204.183684
79,M-1810,item:268091,14400.0,950400.0,34238.326529
79,SDC-1450,item:773474,0.0,16000000.0,17516181.0
80,M-1430,item:268967,0.0,539000.0,85784.265304
80,M-1810,item:268091,14400.0,964800.0,21675.714284
80,SDC-1450,item:773474,0.0,16000000.0,17516181.0
81,M-1430,item:268967,0.0,539000.0,81085.306107
81,M-1810,item:268091,14400.0,979200.0,36075.714284
81,SDC-1450,item:773474,0.0,16000000.0,17516181.0
82,M-1430,item:268967,0.0,539000.0,77251.020403
82,M-1810,item:268091,14400.0,993600.0,42722.285712
82,SDC-1450,item:773474,0.0,16000000.0,17516181.0
83,M-1430,item:268967,0.0,539000.0,69187.367351
83,M-1810,item:268091,14400.0,1008000.0,35940.857141
83,SDC-1450,item:773474,0.0,16000000.0,17516181.0
84,M-1430,item:268967,0.0,539000.0,60753.469388
84,M-1810,item:268091,14400.0,1022400.0,23382.571426
84,SDC-1450,item:773474,0.0,16000000.0,17516181.0
85,M-1430,item:268967,0.0,539000.0,56203.530598
85,M-1810,item:268091,14400.0,1036800.0,37782.571426
85,SDC-1450,item:773474,0.0,16000000.0,17516181.0
86,M-1430,item:268967,0.0,539000.0,55932.632625
86,M-1810,item:268091,14400.0,1051200.0,45996.571426
86,SDC-1450,item:773474,0.0,16000000.0,17516181.0
87,M-1430,item:268967,0.0,539000.0,54994.306097
87,M-1810,item:268091,14400.0,1065600.0,49206.591834
87,SDC-1450,item:773474,0.0,16000000.0,17516181.0
88,M-1430,item:268967,0.0,539000.0,50000.183662
88,M-1810,item:268091,14400.0,1080000.0,54085.224486
88,SDC-1450,item:773474,0.0,16000000.0,17516181.0
89,M-1430,item:268967,0.0,539000.0,39693.387759
89,M-1810,item:268091,0.0,1080000.0,51723.040811
89,SDC-1450,item:773474,0.0,16000000.0,17516181.0
90,M-1430,item:268967,0.0,539000.0,29020.387761
90,M-1810,item:268091,0.0,1080000.0,45816.653055
90,SDC-1450,item:773474,0.0,16000000.0,17516181.0
91,M-1430,item:268967,0.0,539000.0,23246.204075
91,M-1810,item:268091,0.0,1080000.0,45816.653055
91,SDC-1450,item:773474,0.0,16000000.0,17516181.0
92,M-1430,item:268967,0.0,539000.0,22689.387736
92,M-1810,item:268091,0.0,1080000.0,45816.653055
92,SDC-1450,item:773474,0.0,16000000.0,17516181.0
93,M-1430,item:268967,0.0,539000.0,22403.469369
93,M-1810,item:268091,0.0,1080000.0,45816.653055
93,SDC-1450,item:773474,0.0,16000000.0,17516181.0
94,M-1430,item:268967,107800.0,646800.0,124242.61224
94,M-1810,item:268091,0.0,1080000.0,45688.387749
94,SDC-1450,item:773474,0.0,16000000.0,17516181.0
95,M-1430,item:268967,0.0,646800.0,112242.877561
95,M-1810,item:268091,0.0,1080000.0,41567.897954
95,SDC-1450,item:773474,0.0,16000000.0,17516181.0
96,M-1430,item:268967,0.0,646800.0,99786.163276
96,M-1810,item:268091,0.0,1080000.0,38010.469383
96,SDC-1450,item:773474,0.0,16000000.0,17516181.0
97,M-1430,item:268967,0.0,646800.0,80818.571441
97,M-1810,item:268091,0.0,1080000.0,31073.877546
97,SDC-1450,item:773474,0.0,16000000.0,17516181.0
98,M-1430,item:268967,0.0,646800.0,79703.510205
98,M-1810,item:268091,14400.0,1094400.0,39022.081629
98,SDC-1450,item:773474,0.0,16000000.0,17516181.0
99,M-1430,item:268967,0.0,646800.0,79703.510205
99,M-1810,item:268091,0.0,1094400.0,36740.775508
99,SDC-1450,item:773474,0.0,16000000.0,17516181.0
100,M-1430,item:268967,0.0,646800.0,79703.510205
100,M-1810,item:268091,0.0,1094400.0,36740.775508
100,SDC-1450,item:773474,0.0,16000000.0,17516181.0
101,M-1430,item:268967,0.0,646800.0,79703.510205
101,M-1810,item:268091,14400.0,1108800.0,34924.551018
101,SDC-1450,item:773474,0.0,16000000.0,17516181.0
102,M-1430,item:268967,0.0,646800.0,79703.510205
102,M-1810,item:268091,14400.0,1123200.0,14400.0
102,SDC-1450,item:773474,0.0,16000000.0,17516181.0
103,M-1430,item:268967,0.0,646800.0,79703.510205
103,M-1810,item:268091,14400.0,1137600.0,14400.0
103,SDC-1450,item:773474,0.0,16000000.0,17516181.0
104,M-1430,item:268967,0.0,646800.0,79703.510205
104,M-1810,item:268091,14400.0,1152000.0,14400.0
104,SDC-1450,item:773474,0.0,16000000.0,17516181.0
105,M-1430,item:268967,0.0,646800.0,79703.510205
105,M-1810,item:268091,14400.0,1166400.0,14400.0
105,SDC-1450,item:773474,0.0,16000000.0,17516181.0
106,M-1430,item:268967,0.0,646800.0,79703.510205
106,M-1810,item:268091,14400.0,1180800.0,14400.0
106,SDC-1450,item:773474,0.0,16000000.0,17516181.0
107,M-1430,item:268967,0.0,646800.0,79703.510205
107,M-1810,item:268091,14400.0,1195200.0,14400.0
107,SDC-1450,item:773474,0.0,16000000.0,17516181.0
108,M-1430,item:268967,0.0,646800.0,79703.510205
108,M-1810,item:268091,14400.0,1209600.0,14400.0
108,SDC-1450,item:773474,0.0,16000000.0,17516181.0
109,M-1430,item:268967,0.0,646800.0,79703.510205
109,M-1810,item:268091,14400.0,1224000.0,14400.0
109,SDC-1450,item:773474,0.0,16000000.0,17516181.0
110,M-1430,item:268967,0.0,646800.0,79703.510205
110,M-1810,item:268091,14400.0,1238400.0,14400.0
110,SDC-1450,item:773474,0.0,16000000.0,17516181.0
111,M-1430,item:268967,0.0,646800.0,79703.510205
111,M-1810,item:268091,14400.0,1252800.0,26287.306125
111,SDC-1450,item:773474,0.0,16000000.0,17516181.0
112,M-1430,item:268967,0.0,646800.0,79703.510205
112,M-1810,item:268091,14400.0,1267200.0,36537.265313
112,SDC-1450,item:773474,0.0,16000000.0,17516181.0
113,M-1430,item:268967,0.0,646800.0,79703.510205
113,M-1810,item:268091,14400.0,1281600.0,45749.551032
113,SDC-1450,item:773474,0.0,16000000.0,17516181.0
114,M-1430,item:268967,0.0,646800.0,79703.510205
114,M-1810,item:268091,0.0,1281600.0,45749.551032
114,SDC-1450,item:773474,0.0,16000000.0,17516181.0
115,M-1430,item:268967,0.0,646800.0,79703.510205
115,M-1810,item:268091,0.0,1281600.0,45749.551032
115,SDC-1450,item:773474,0.0,16000000.0,17516181.0
116,M-1430,item:268967,0.0,646800.0,79703.510205
116,M-1810,item:268091,0.0,1281600.0,45749.551032
116,SDC-1450,item:773474,0.0,16000000.0,17516181.0
117,M-1430,item:268967,0.0,646800.0,79703.510205
117,M-1810,item:268091,0.0,1281600.0,45749.551032
117,SDC-1450,item:773474,0.0,16000000.0,17516181.0
118,M-1430,item:268967,0.0,646800.0,79703.510205
118,M-1810,item:268091,0.0,1281600.0,45749.551032
118,SDC-1450,item:773474,0.0,16000000.0,17516181.0
119,M-1430,item:268967,0.0,646800.0,79703.510205
119,M-1810,item:268091,0.0,1281600.0,45749.551032
119,SDC-1450,item:773474,0.0,16000000.0,17516181.0
120,M-1430,item:268967,0.0,646800.0,79703.510205
120,M-1810,item:268091,0.0,1281600.0,45749.551032
120,SDC-1450,item:773474,0.0,16000000.0,17516181.0
121,M-1430,item:268967,0.0,646800.0,79703.510205
121,M-1810,item:268091,0.0,1281600.0,45749.551032
121,SDC-1450,item:773474,0.0,16000000.0,17516181.0
122,M-1430,item:268967,0.0,646800.0,79703.510205
122,M-1810,item:268091,0.0,1281600.0,45749.551032
122,SDC-1450,item:773474,0.0,16000000.0,17516181.0
123,M-1430,item:268967,0.0,646800.0,79703.510205
123,M-1810,item:268091,0.0,1281600.0,45749.551032
123,SDC-1450,item:773474,0.0,16000000.0,17516181.0
124,M-1430,item:268967,0.0,646800.0,79703.510205
124,M-1810,item:268091,0.0,1281600.0,45749.551032
124,SDC-1450,item:773474,0.0,16000000.0,17516181.0
125,M-1430,item:268967,0.0,646800.0,79703.510205
125,M-1810,item:268091,0.0,1281600.0,45749.551032
125,SDC-1450,item:773474,0.0,16000000.0,17516181.0
126,M-1430,item:268967,0.0,646800.0,79703.510205
126,M-1810,item:268091,0.0,1281600.0,45749.551032
126,SDC-1450,item:773474,0.0,16000000.0,17516181.0
127,M-1430,item:268967,0.0,646800.0,79703.510205
127,M-1810,item:268091,0.0,1281600.0,43615.714279
127,SDC-1450,item:773474,0.0,16000000.0,17516181.0
128,M-1430,item:268967,0.0,646800.0,79703.510205
128,M-1810,item:268091,0.0,1281600.0,36605.877525
128,SDC-1450,item:773474,0.0,16000000.0,17516181.0
129,M-1430,item:268967,0.0,646800.0,79703.510205
129,M-1810,item:268091,14400.0,1296000.0,29155.26528
129,SDC-1450,item:773474,0.0,16000000.0,17516181.0
130,M-1430,item:268967,0.0,646800.0,79703.510205
130,M-1810,item:268091,14400.0,1310400.0,14400.0
130,SDC-1450,item:773474,0.0,16000000.0,17516181.0
131,M-1430,item:268967,0.0,646800.0,79703.510205
131,M-1810,item:268091,14400.0,1324800.0,14400.0
131,SDC-1450,item:773474,0.0,16000000.0,17516181.0
132,M-1430,item:268967,0.0,646800.0,79703.510205
132,M-1810,item:268091,14400.0,1339200.0,14400.0
132,SDC-1450,item:773474,0.0,16000000.0,17516181.0
133,M-1430,item:268967,0.0,646800.0,79703.510205
133,M-1810,item:268091,14400.0,1353600.0,14400.0
133,SDC-1450,item:773474,0.0,16000000.0,17516181.0
134,M-1430,item:268967,0.0,646800.0,79703.510205
134,M-1810,item:268091,14400.0,1368000.0,14400.0
134,SDC-1450,item:773474,0.0,16000000.0,17516181.0
135,M-1430,item:268967,0.0,646800.0,79703.510205
135,M-1810,item:268091,14400.0,1382400.0,14400.0
135,SDC-1450,item:773474,0.0,16000000.0,17516181.0
136,M-1430,item:268967,0.0,646800.0,79703.510205
136,M-1810,item:268091,14400.0,1396800.0,14400.0
136,SDC-1450,item:773474,0.0,16000000.0,17516181.0
137,M-1430,item:268967,0.0,646800.0,79703.510205
137,M-1810,item:268091,14400.0,1411200.0,14400.0
137,SDC-1450,item:773474,0.0,16000000.0,17516181.0
138,M-1430,item:268967,0.0,646800.0,79703.510205
138,M-1810,item:268091,14400.0,1425600.0,14400.0
138,SDC-1450,item:773474,0.0,16000000.0,17516181.0
139,M-1430,item:268967,0.0,646800.0,79703.510205
139,M-1810,item:268091,14400.0,1440000.0,14400.0
139,SDC-1450,item:773474,0.0,16000000.0,17516181.0
140,M-1430,item:268967,0.0,646800.0,79703.510205
140,M-1810,item:268091,14400.0,1454400.0,14400.0
140,SDC-1450,item:773474,0.0,16000000.0,17516181.0
141,M-1430,item:268967,0.0,646800.0,79703.510205
141,M-1810,item:268091,14400.0,1468800.0,14400.0
141,SDC-1450,item:773474,0.0,16000000.0,17516181.0
142,M-1430,item:268967,0.0,646800.0,77416.714289
142,M-1810,item:268091,14400.0,1483200.0,17109.142848
142,SDC-1450,item:773474,0.0,16000000.0,17516181.0
143,M-1430,item:268967,0.0,646800.0,75129.918373
143,M-1810,item:268091,14400.0,1497600.0,22206.673451
143,SDC-1450,item:773474,0.0,16000000.0,17516181.0
144,M-1430,item:268967,0.0,646800.0,75129.918373
144,M-1810,item:268091,14400.0,1512000.0,26871.122432
144,SDC-1450,item:773474,0.0,16000000.0,17516181.0
145,M-1430,item:268967,0.0,646800.0,75129.918373
145,M-1810,item:268091,14400.0,1526400.0,28601.775503
145,SDC-1450,item:773474,0.0,16000000.0,17516181.0
146,M-1430,item:268967,0.0,646800.0,75129.918373
146,M-1810,item:268091,14400.0,1540800.0,27719.387757
146,SDC-1450,item:773474,0.0,16000000.0,17516181.0
147,M-1430,item:268967,0.0,646800.0,75129.918373
147,M-1810,item:268091,14400.0,1555200.0,27045.428574
147,SDC-1450,item:773474,0.0,16000000.0,17516181.0
148,M-1430,item:268967,0.0,646800.0,75129.918373
148,M-1810,item:268091,14400.0,1569600.0,29080.612239
148,SDC-1450,item:773474,0.0,16000000.0,17516181.0
149,M-1430,item:268967,0.0,646800.0,75129.918373
149,M-1810,item:268091,14400.0,1584000.0,18430.224475
149,SDC-1450,item:773474,0.0,16000000.0,17516181.0
150,M-1430,item:268967,0.0,646800.0,75129.918373
150,M-1810,item:268091,14400.0,1598400.0,28113.979578
150,SDC-1450,item:773474,0.0,16000000.0,17516181.0
151,M-1430,item:268967,0.0,646800.0,75129.918373
151,M-1810,item:268091,14400.0,1612800.0,30960.326519
151,SDC-1450,item:773474,0.0,16000000.0,17516181.0
152,M-1430,item:268967,0.0,646800.0,75129.918373
152,M-1810,item:268091,14400.0,1627200.0,45360.326519
152,SDC-1450,item:773474,0.0,16000000.0,17516181.0
153,M-1430,item:268967,0.0,646800.0,75129.918373
153,M-1810,item:268091,0.0,1627200.0,45360.326519
153,SDC-1450,item:773474,0.0,16000000.0,17516181.0
154,M-1430,item:268967,0.0,646800.0,75129.918373
154,M-1810,item:268091,0.0,1627200.0,45360.326519
154,SDC-1450,item:773474,0.0,16000000.0,17516181.0
155,M-1430,item:268967,0.0,646800.0,75129.918373
155,M-1810,item:268091,0.0,1627200.0,45360.326519
155,SDC-1450,item:773474,0.0,16000000.0,17516181.0
156,M-1430,item:268967,0.0,646800.0,75129.918373
156,M-1810,item:268091,0.0,1627200.0,44948.285716
156,SDC-1450,item:773474,0.0,16000000.0,17516181.0
157,M-1430,item:268967,0.0,646800.0,75129.918373
157,M-1810,item:268091,0.0,1627200.0,40191.469402
157,SDC-1450,item:773474,0.0,16000000.0,17516181.0
158,M-1430,item:268967,0.0,646800.0,75129.918373
158,M-1810,item:268091,0.0,1627200.0,31828.428584
158,SDC-1450,item:773474,0.0,16000000.0,17516181.0
159,M-1430,item:268967,0.0,646800.0,75129.918373
159,M-1810,item:268091,14400.0,1641600.0,34173.632663
159,SDC-1450,item:773474,0.0,16000000.0,17516181.0
160,M-1430,item:268967,0.0,646800.0,75129.918373
160,M-1810,item:268091,0.0,1641600.0,34173.632663
160,SDC-1450,item:773474,0.0,16000000.0,17516181.0
161,M-1430,item:268967,0.0,646800.0,75129.918373
161,M-1810,item:268091,0.0,1641600.0,34173.632663
161,SDC-1450,item:773474,0.0,16000000.0,17516181.0
162,M-1430,item:268967,0.0,646800.0,72818.714288
162,M-1810,item:268091,0.0,1641600.0,34173.632663
162,SDC-1450,item:773474,0.0,16000000.0,17516181.0
163,M-1430,item:268967,0.0,646800.0,62281.081632
163,M-1810,item:268091,0.0,1641600.0,34173.632663
163,SDC-1450,item:773474,0.0,16000000.0,17516181.0
164,M-1430,item:268967,107800.0,754600.0,114232.510204
164,M-1810,item:268091,14400.0,1656000.0,34827.673464
164,SDC-1450,item:773474,0.0,16000000.0,17516181.0
165,M-1430,item:268967,107800.0,862400.0,126107.428575
165,M-1810,item:268091,14400.0,1670400.0,19557.34692
165,SDC-1450,item:773474,0.0,16000000.0,17516181.0
166,M-1430,item:268967,0.0,862400.0,126107.428575
166,M-1810,item:268091,14400.0,1684800.0,31218.469384
166,SDC-1450,item:773474,0.0,16000000.0,17516181.0
167,M-1430,item:268967,107800.0,970200.0,179551.714289
167,M-1810,item:268091,14400.0,1699200.0,28573.163262
167,SDC-1450,item:773474,0.0,16000000.0,17516181.0
168,M-1430,item:268967,107800.0,1078000.0,173405.857146
168,M-1810,item:268091,14400.0,1713600.0,14400.0
168,SDC-1450,item:773474,0.0,16000000.0,17516181.0
169,M-1430,item:268967,107800.0,1185800.0,159033.571432
169,M-1810,item:268091,14400.0,1728000.0,14400.0
169,SDC-1450,item:773474,0.0,16000000.0,17516181.0
170,M-1430,item:268967,107800.0,1293600.0,107800.0
170,M-1810,item:268091,14400.0,1742400.0,14400.0
170,SDC-1450,item:773474,0.0,16000000.0,17516181.0
171,M-1430,item:268967,107800.0,1401400.0,150025.857143
171,M-1810,item:268091,14400.0,1756800.0,14400.0
171,SDC-1450,item:773474,0.0,16000000.0,17516181.0
172,M-1430,item:268967,0.0,1401400.0,84451.714286
172,M-1810,item:268091,14400.0,1771200.0,14400.0
172,SDC-1450,item:773474,0.0,16000000.0,17516181.0
173,M-1430,item:268967,0.0,1401400.0,84451.714286
173,M-1810,item:268091,14400.0,1785600.0,14400.0
173,SDC-1450,item:773474,0.0,16000000.0,17516181.0
174,M-1430,item:268967,0.0,1401400.0,84451.714286
174,M-1810,item:268091,14400.0,1800000.0,14400.0
174,SDC-1450,item:773474,0.0,16000000.0,17516181.0
175,M-1430,item:268967,0.0,1401400.0,84451.714286
175,M-1810,item:268091,14400.0,1814400.0,14400.0
175,SDC-1450,item:773474,0.0,16000000.0,17516181.0
176,M-1430,item:268967,0.0,1401400.0,84451.714286
176,M-1810,item:268091,14400.0,1828800.0,14400.0
176,SDC-1450,item:773474,0.0,16000000.0,17516181.0
177,M-1430,item:268967,0.0,1401400.0,84451.714286
177,M-1810,item:268091,14400.0,1843200.0,14400.0
177,SDC-1450,item:773474,0.0,16000000.0,17516181.0
178,M-1430,item:268967,0.0,1401400.0,84451.714286
178,M-1810,item:268091,14400.0,1857600.0,14400.0
178,SDC-1450,item:773474,0.0,16000000.0,17516181.0
179,M-1430,item:268967,0.0,1401400.0,84451.714286
179,M-1810,item:268091,14400.0,1872000.0,14400.0
179,SDC-1450,item:773474,0.0,16000000.0,17516181.0
180,M-1430,item:268967,0.0,1401400.0,84451.714286
180,M-1810,item:268091,14400.0,1886400.0,16087.163265
180,SDC-1450,item:773474,0.0,16000000.0,17516181.0
181,M-1430,item:268967,0.0,1401400.0,84451.714286
181,M-1810,item:268091,14400.0,1900800.0,30458.959182
181,SDC-1450,item:773474,0.0,16000000.0,17516181.0
182,M-1430,item:268967,0.0,1401400.0,84451.714286
182,M-1810,item:268091,14400.0,1915200.0,43765.224485
182,SDC-1450,item:773474,0.0,16000000.0,17516181.0
183,M-1430,item:268967,0.0,1401400.0,84451.714286
183,M-1810,item:268091,0.0,1915200.0,43765.224485
183,SDC-1450,item:773474,0.0,16000000.0,17516181.0
184,M-1430,item:268967,0.0,1401400.0,84451.714286
184,M-1810,item:268091,0.0,1915200.0,43765.224485
184,SDC-1450,item:773474,0.0,16000000.0,17516181.0
185,M-1430,item:268967,0.0,1401400.0,84451.714286
185,M-1810,item:268091,0.0,1915200.0,43765.224485
185,SDC-1450,item:773474,0.0,16000000.0,17516181.0
186,M-1430,item:268967,0.0,1401400.0,84451.714286
186,M-1810,item:268091,14400.0,1929600.0,45601.224482
186,SDC-1450,item:773474,0.0,16000000.0,17516181.0
187,M-1430,item:268967,0.0,1401400.0,84451.714286
187,M-1810,item:268091,14400.0,1944000.0,34517.591826
187,SDC-1450,item:773474,0.0,16000000.0,17516181.0
188,M-1430,item:268967,0.0,1401400.0,84451.714286
188,M-1810,item:268091,14400.0,1958400.0,22839.734683
188,SDC-1450,item:773474,0.0,16000000.0,17516181.0
189,M-1430,item:268967,0.0,1401400.0,84451.714286
189,M-1810,item:268091,14400.0,1972800.0,23248.693869
189,SDC-1450,item:773474,0.0,16000000.0,17516181.0
190,M-1430,item:268967,0.0,1401400.0,84451.714286
190,M-1810,item:268091,14400.0,1987200.0,36100.102035
190,SDC-1450,item:773474,0.0,16000000.0,17516181.0
191,M-1430,item:268967,0.0,1401400.0,84451.714286
191,M-1810,item:268091,14400.0,2001600.0,49068.551015
191,SDC-1450,item:773474,0.0,16000000.0,17516181.0
192,M-1430,item:268967,0.0,1401400.0,84451.714286
192,M-1810,item:268091,0.0,2001600.0,44239.918363
192,SDC-1450,item:773474,0.0,16000000.0,17516181.0
193,M-1430,item:268967,0.0,1401400.0,84451.714286
193,M-1810,item:268091,0.0,2001600.0,39470.122444
193,SDC-1450,item:773474,0.0,16000000.0,17516181.0
194,M-1430,item:268967,0.0,1401400.0,84451.714286
194,M-1810,item:268091,14400.0,2016000.0,46654.795913
194,SDC-1450,item:773474,0.0,16000000.0,17516181.0
195,M-1430,item:268967,0.0,1401400.0,84451.714286
195,M-1810,item:268091,0.0,2016000.0,46654.795913
195,SDC-1450,item:773474,0.0,16000000.0,17516181.0
196,M-1430,item:268967,0.0,1401400.0,84451.714286
196,M-1810,item:268091,0.0,2016000.0,46654.795913
196,SDC-1450,item:773474,0.0,16000000.0,17516181.0
197,M-1430,item:268967,0.0,1401400.0,84451.714286
197,M-1810,item:268091,0.0,2016000.0,46654.795913
197,SDC-1450,item:773474,0.0,16000000.0,17516181.0
198,M-1430,item:268967,0.0,1401400.0,84451.714286
198,M-1810,item:268091,0.0,2016000.0,46654.795913
198,SDC-1450,item:773474,0.0,16000000.0,17516181.0
199,M-1430,item:268967,0.0,1401400.0,84451.714286
199,M-1810,item:268091,14400.0,2030400.0,44102.714286
199,SDC-1450,item:773474,0.0,16000000.0,17516181.0
200,M-1430,item:268967,0.0,1401400.0,84451.714286
200,M-1810,item:268091,14400.0,2044800.0,19069.632659
200,SDC-1450,item:773474,0.0,16000000.0,17516181.0
201,M-1430,item:268967,0.0,1401400.0,84451.714286
201,M-1810,item:268091,14400.0,2059200.0,14400.0
201,SDC-1450,item:773474,0.0,16000000.0,17516181.0
202,M-1430,item:268967,0.0,1401400.0,84451.714286
202,M-1810,item:268091,14400.0,2073600.0,14400.0
202,SDC-1450,item:773474,0.0,16000000.0,17516181.0
203,M-1430,item:268967,0.0,1401400.0,84451.714286
203,M-1810,item:268091,14400.0,2088000.0,14400.0
203,SDC-1450,item:773474,0.0,16000000.0,17516181.0
204,M-1430,item:268967,0.0,1401400.0,84451.714286
204,M-1810,item:268091,14400.0,2102400.0,14400.0
204,SDC-1450,item:773474,0.0,16000000.0,17516181.0
205,M-1430,item:268967,0.0,1401400.0,84451.714286
205,M-1810,item:268091,14400.0,2116800.0,14400.0
205,SDC-1450,item:773474,0.0,16000000.0,17516181.0
206,M-1430,item:268967,0.0,1401400.0,84451.714286
206,M-1810,item:268091,14400.0,2131200.0,14400.0
206,SDC-1450,item:773474,0.0,16000000.0,17516181.0
207,M-1430,item:268967,0.0,1401400.0,84451.714286
207,M-1810,item:268091,14400.0,2145600.0,14400.0
207,SDC-1450,item:773474,0.0,16000000.0,17516181.0
208,M-1430,item:268967,0.0,1401400.0,84451.714286
208,M-1810,item:268091,14400.0,2160000.0,14400.0
208,SDC-1450,item:773474,0.0,16000000.0,17516181.0
209,M-1430,item:268967,0.0,1401400.0,84451.714286
209,M-1810,item:268091,14400.0,2174400.0,14400.0
209,SDC-1450,item:773474,0.0,16000000.0,17516181.0
210,M-1430,item:268967,0.0,1401400.0,84451.714286
210,M-1810,item:268091,14400.0,2188800.0,23891.67347
210,SDC-1450,item:773474,0.0,16000000.0,17516181.0
211,M-1430,item:268967,0.0,1401400.0,84451.714286
211,M-1810,item:268091,14400.0,2203200.0,38291.67347
211,SDC-1450,item:773474,0.0,16000000.0,17516181.0
212,M-1430,item:268967,0.0,1401400.0,84451.714286
212,M-1810,item:268091,0.0,2203200.0,38291.67347
212,SDC-1450,item:773474,0.0,16000000.0,17516181.0
213,M-1430,item:268967,0.0,1401400.0,84451.714286
213,M-1810,item:268091,0.0,2203200.0,38291.67347
213,SDC-1450,item:773474,0.0,16000000.0,17516181.0
214,M-1430,item:268967,0.0,1401400.0,84451.714286
214,M-1810,item:268091,0.0,2203200.0,38291.67347
214,SDC-1450,item:773474,0.0,16000000.0,17516181.0
215,M-1430,item:268967,0.0,1401400.0,84451.714286
215,M-1810,item:268091,0.0,2203200.0,38291.67347
215,SDC-1450,item:773474,0.0,16000000.0,17516181.0
216,M-1430,item:268967,0.0,1401400.0,84451.714286
216,M-1810,item:268091,0.0,2203200.0,38291.67347
216,SDC-1450,item:773474,0.0,16000000.0,17516181.0
217,M-1430,item:268967,0.0,1401400.0,84451.714286
217,M-1810,item:268091,0.0,2203200.0,38291.67347
217,SDC-1450,item:773474,0.0,16000000.0,17516181.0
218,M-1430,item:268967,0.0,1401400.0,84451.714286
218,M-1810,item:268091,0.0,2203200.0,38291.67347
218,SDC-1450,item:773474,0.0,16000000.0,17516181.0
219,M-1430,item:268967,0.0,1401400.0,84451.714286
219,M-1810,item:268091,0.0,2203200.0,38291.67347
219,SDC-1450,item:773474,0.0,16000000.0,17516181.0
220,M-1430,item:268967,0.0,1401400.0,84451.714286
220,M-1810,item:268091,0.0,2203200.0,38291.67347
220,SDC-1450,item:773474,0.0,16000000.0,17516181.0
221,M-1430,item:268967,0.0,1401400.0,84451.714286
221,M-1810,item:268091,0.0,2203200.0,38291.67347
221,SDC-1450,item:773474,0.0,16000000.0,17516181.0
222,M-1430,item:268967,0.0,1401400.0,84451.714286
222,M-1810,item:268091,0.0,2203200.0,38291.67347
222,SDC-1450,item:773474,0.0,16000000.0,17516181.0
223,M-1430,item:268967,0.0,1401400.0,84451.714286
223,M-1810,item:268091,0.0,2203200.0,38291.67347
223,SDC-1450,item:773474,0.0,16000000.0,17516181.0
224,M-1430,item:268967,0.0,1401400.0,84451.714286
224,M-1810,item:268091,0.0,2203200.0,38291.67347
224,SDC-1450,item:773474,0.0,16000000.0,17516181.0
225,M-1430,item:268967,0.0,1401400.0,84451.714286
225,M-1810,item:268091,0.0,2203200.0,38291.67347
225,SDC-1450,item:773474,0.0,16000000.0,17516181.0
226,M-1430,item:268967,0.0,1401400.0,84451.714286
226,M-1810,item:268091,0.0,2203200.0,38291.67347
226,SDC-1450,item:773474,0.0,16000000.0,17516181.0
227,M-1430,item:268967,0.0,1401400.0,84451.714286
227,M-1810,item:268091,0.0,2203200.0,38291.67347
227,SDC-1450,item:773474,0.0,16000000.0,17516181.0
228,M-1430,item:268967,0.0,1401400.0,84451.714286
228,M-1810,item:268091,0.0,2203200.0,35621.734687
228,SDC-1450,item:773474,0.0,16000000.0,17516181.0
229,M-1430,item:268967,0.0,1401400.0,84451.714286
229,M-1810,item:268091,0.0,2203200.0,27367.387742
229,SDC-1450,item:773474,0.0,16000000.0,17516181.0
230,M-1430,item:268967,0.0,1401400.0,84451.714286
230,M-1810,item:268091,14400.0,2217600.0,27901.306103
230,SDC-1450,item:773474,0.0,16000000.0,17516181.0
231,M-1430,item:268967,0.0,1401400.0,84451.714286
231,M-1810,item:268091,14400.0,2232000.0,31050.510185
231,SDC-1450,item:773474,0.0,16000000.0,17516181.0
232,M-1430,item:268967,0.0,1401400.0,84451.714286
232,M-1810,item:268091,14400.0,2246400.0,31203.265297
232,SDC-1450,item:773474,0.0,16000000.0,17516181.0
233,M-1430,item:268967,0.0,1401400.0,84451.714286
233,M-1810,item:268091,0.0,2246400.0,31203.265297
233,SDC-1450,item:773474,0.0,16000000.0,17516181.0
234,M-1430,item:268967,0.0,1401400.0,84451.714286
234,M-1810,item:268091,7665.0,2254065.0,38868.265297
234,SDC-1450,item:773474,0.0,16000000.0,17516181.0
235,M-1430,item:268967,0.0,1401400.0,84451.714286
235,M-1810,item:268091,0.0,2254065.0,21249.551016
235,SDC-1450,item:773474,0.0,16000000.0,17516181.0
236,M-1430,item:268967,0.0,1401400.0,84451.714286
236,M-1810,item:268091,0.0,2254065.0,1450.244893
236,SDC-1450,item:773474,0.0,16000000.0,17516181.0
237,M-1430,item:268967,0.0,1401400.0,84451.714286
237,M-1810,item:268091,0.0,2254065.0,0.0
237,SDC-1450,item:773474,0.0,16000000.0,17516181.0
238,M-1430,item:268967,0.0,1401400.0,84451.714286
238,M-1810,item:268091,0.0,2254065.0,0.0
238,SDC-1450,item:773474,0.0,16000000.0,17516181.0
239,M-1430,item:268967,0.0,1401400.0,84451.714286
239,M-1810,item:268091,0.0,2254065.0,0.0
239,SDC-1450,item:773474,0.0,16000000.0,17516181.0
240,M-1430,item:268967,0.0,1401400.0,84451.714286
240,M-1810,item:268091,0.0,2254065.0,0.0
240,SDC-1450,item:773474,0.0,16000000.0,17516181.0
241,M-1430,item:268967,0.0,1401400.0,84451.714286
241,M-1810,item:268091,0.0,2254065.0,0.0
241,SDC-1450,item:773474,0.0,16000000.0,17516181.0
242,M-1430,item:268967,0.0,1401400.0,84451.714286
242,M-1810,item:268091,0.0,2254065.0,0.0
242,SDC-1450,item:773474,0.0,16000000.0,17516181.0
243,M-1430,item:268967,0.0,1401400.0,84451.714286
243,M-1810,item:268091,0.0,2254065.0,0.0
243,SDC-1450,item:773474,0.0,16000000.0,17516181.0
244,M-1430,item:268967,0.0,1401400.0,84451.714286
244,M-1810,item:268091,0.0,2254065.0,0.0
244,SDC-1450,item:773474,0.0,16000000.0,17516181.0
245,M-1430,item:268967,0.0,1401400.0,84451.714286
245,M-1810,item:268091,0.0,2254065.0,0.0
245,SDC-1450,item:773474,0.0,16000000.0,17516181.0
246,M-1430,item:268967,0.0,1401400.0,84451.714286
246,M-1810,item:268091,0.0,2254065.0,0.0
246,SDC-1450,item:773474,0.0,16000000.0,17516181.0
247,M-1430,item:268967,0.0,1401400.0,84451.714286
247,M-1810,item:268091,0.0,2254065.0,0.0
247,SDC-1450,item:773474,0.0,16000000.0,17516181.0
248,M-1430,item:268967,0.0,1401400.0,84451.714286
248,M-1810,item:268091,6735.0,2260800.0,6735.0
248,SDC-1450,item:773474,0.0,16000000.0,17516181.0
249,M-1430,item:268967,0.0,1401400.0,84451.714286
249,M-1810,item:268091,14400.0,2275200.0,14400.0
249,SDC-1450,item:773474,0.0,16000000.0,17516181.0
250,M-1430,item:268967,0.0,1401400.0,84451.714286
250,M-1810,item:268091,14400.0,2289600.0,14400.0
250,SDC-1450,item:773474,0.0,16000000.0,17516181.0
251,M-1430,item:268967,0.0,1401400.0,84451.714286
251,M-1810,item:268091,14400.0,2304000.0,14400.0
251,SDC-1450,item:773474,0.0,16000000.0,17516181.0
252,M-1430,item:268967,0.0,1401400.0,84451.714286
252,M-1810,item:268091,14400.0,2318400.0,14400.0
252,SDC-1450,item:773474,0.0,16000000.0,17516181.0
253,M-1430,item:268967,0.0,1401400.0,84451.714286
253,M-1810,item:268091,14400.0,2332800.0,14400.0
253,SDC-1450,item:773474,0.0,16000000.0,17516181.0
254,M-1430,item:268967,0.0,1401400.0,84451.714286
254,M-1810,item:268091,14400.0,2347200.0,14400.0
254,SDC-1450,item:773474,0.0,16000000.0,17516181.0
255,M-1430,item:268967,0.0,1401400.0,84451.714286
255,M-1810,item:268091,14400.0,2361600.0,14400.0
255,SDC-1450,item:773474,0.0,16000000.0,17516181.0
256,M-1430,item:268967,0.0,1401400.0,84451.714286
256,M-1810,item:268091,14400.0,2376000.0,14400.0
256,SDC-1450,item:773474,0.0,16000000.0,17516181.0
257,M-1430,item:268967,0.0,1401400.0,84451.714286
257,M-1810,item:268091,14400.0,2390400.0,14400.0
257,SDC-1450,item:773474,0.0,16000000.0,17516181.0
258,M-1430,item:268967,0.0,1401400.0,84451.714286
258,M-1810,item:268091,14400.0,2404800.0,14400.0
258,SDC-1450,item:773474,0.0,16000000.0,17516181.0
259,M-1430,item:268967,0.0,1401400.0,84451.714286
259,M-1810,item:268091,14400.0,2419200.0,14400.0
259,SDC-1450,item:773474,0.0,16000000.0,17516181.0
260,M-1430,item:268967,0.0,1401400.0,84451.714286
260,M-1810,item:268091,14400.0,2433600.0,14400.0
260,SDC-1450,item:773474,0.0,16000000.0,17516181.0
261,M-1430,item:268967,0.0,1401400.0,84451.714286
261,M-1810,item:268091,14400.0,2448000.0,14400.0
261,SDC-1450,item:773474,0.0,16000000.0,17516181.0
262,M-1430,item:268967,0.0,1401400.0,84451.714286
262,M-1810,item:268091,14400.0,2462400.0,14400.0
262,SDC-1450,item:773474,0.0,16000000.0,17516181.0
263,M-1430,item:268967,0.0,1401400.0,84451.714286
263,M-1810,item:268091,14400.0,2476800.0,14400.0
263,SDC-1450,item:773474,0.0,16000000.0,17516181.0
264,M-1430,item:268967,0.0,1401400.0,84451.714286
264,M-1810,item:268091,14400.0,2491200.0,14400.0
264,SDC-1450,item:773474,0.0,16000000.0,17516181.0
265,M-1430,item:268967,0.0,1401400.0,84451.714286
265,M-1810,item:268091,14400.0,2505600.0,14400.0
265,SDC-1450,item:773474,0.0,16000000.0,17516181.0
266,M-1430,item:268967,0.0,1401400.0,84451.714286
266,M-1810,item:268091,14400.0,2520000.0,14400.0
266,SDC-1450,item:773474,0.0,16000000.0,17516181.0
267,M-1430,item:268967,0.0,1401400.0,84451.714286
267,M-1810,item:268091,14400.0,2534400.0,14400.0
267,SDC-1450,item:773474,0.0,16000000.0,17516181.0
268,M-1430,item:268967,0.0,1401400.0,84451.714286
268,M-1810,item:268091,14400.0,2548800.0,14400.0
268,SDC-1450,item:773474,0.0,16000000.0,17516181.0
269,M-1430,item:268967,0.0,1401400.0,84451.714286
269,M-1810,item:268091,14400.0,2563200.0,14400.0
269,SDC-1450,item:773474,0.0,16000000.0,17516181.0
270,M-1430,item:268967,0.0,1401400.0,84451.714286
270,M-1810,item:268091,14400.0,2577600.0,14400.0
270,SDC-1450,item:773474,0.0,16000000.0,17516181.0
271,M-1430,item:268967,0.0,1401400.0,84451.714286
271,M-1810,item:268091,14400.0,2592000.0,14400.0
271,SDC-1450,item:773474,0.0,16000000.0,17516181.0
272,M-1430,item:268967,0.0,1401400.0,84451.714286
272,M-1810,item:268091,14400.0,2606400.0,14400.0
272,SDC-1450,item:773474,0.0,16000000.0,17516181.0
273,M-1430,item:268967,0.0,1401400.0,84451.714286
273,M-1810,item:268091,14400.0,2620800.0,14400.0
273,SDC-1450,item:773474,0.0,16000000.0,17516181.0
274,M-1430,item:268967,0.0,1401400.0,84451.714286
274,M-1810,item:268091,14400.0,2635200.0,14400.0
274,SDC-1450,item:773474,0.0,16000000.0,17516181.0
275,M-1430,item:268967,0.0,1401400.0,84451.714286
275,M-1810,item:268091,14400.0,2649600.0,14400.0
275,SDC-1450,item:773474,0.0,16000000.0,17516181.0
276,M-1430,item:268967,0.0,1401400.0,84451.714286
276,M-1810,item:268091,14400.0,2664000.0,14400.0
276,SDC-1450,item:773474,0.0,16000000.0,17516181.0
277,M-1430,item:268967,0.0,1401400.0,84451.714286
277,M-1810,item:268091,14400.0,2678400.0,14400.0
277,SDC-1450,item:773474,0.0,16000000.0,17516181.0
278,M-1430,item:268967,0.0,1401400.0,84451.714286
278,M-1810,item:268091,14400.0,2692800.0,14400.0
278,SDC-1450,item:773474,0.0,16000000.0,17516181.0
279,M-1430,item:268967,0.0,1401400.0,84451.714286
279,M-1810,item:268091,14400.0,2707200.0,14400.0
279,SDC-1450,item:773474,0.0,16000000.0,17516181.0
280,M-1430,item:268967,0.0,1401400.0,84451.714286
280,M-1810,item:268091,14400.0,2721600.0,14400.0
280,SDC-1450,item:773474,0.0,16000000.0,17516181.0
281,M-1430,item:268967,0.0,1401400.0,84451.714286
281,M-1810,item:268091,14400.0,2736000.0,14400.0
281,SDC-1450,item:773474,0.0,16000000.0,17516181.0
282,M-1430,item:268967,0.0,1401400.0,84451.714286
282,M-1810,item:268091,14400.0,2750400.0,14400.0
282,SDC-1450,item:773474,0.0,16000000.0,17516181.0
283,M-1430,item:268967,0.0,1401400.0,84451.714286
283,M-1810,item:268091,14400.0,2764800.0,14400.0
283,SDC-1450,item:773474,0.0,16000000.0,17516181.0
284,M-1430,item:268967,0.0,1401400.0,84451.714286
284,M-1810,item:268091,14400.0,2779200.0,14400.0
284,SDC-1450,item:773474,0.0,16000000.0,17516181.0
285,M-1430,item:268967,0.0,1401400.0,84451.714286
285,M-1810,item:268091,14400.0,2793600.0,27889.387745
285,SDC-1450,item:773474,0.0,16000000.0,17516181.0
286,M-1430,item:268967,0.0,1401400.0,84451.714286
286,M-1810,item:268091,14400.0,2808000.0,29418.938755
286,SDC-1450,item:773474,0.0,16000000.0,17516181.0
287,M-1430,item:268967,0.0,1401400.0,84451.714286
287,M-1810,item:268091,14400.0,2822400.0,19747.877528
287,SDC-1450,item:773474,0.0,16000000.0,17516181.0
288,M-1430,item:268967,0.0,1401400.0,84451.714286
288,M-1810,item:268091,14400.0,2836800.0,14400.0
288,SDC-1450,item:773474,0.0,16000000.0,17516181.0
289,M-1430,item:268967,0.0,1401400.0,84451.714286
289,M-1810,item:268091,14400.0,2851200.0,16993.836744
289,SDC-1450,item:773474,0.0,16000000.0,17516181.0
290,M-1430,item:268967,0.0,1401400.0,84451.714286
290,M-1810,item:268091,14400.0,2865600.0,26577.306119
290,SDC-1450,item:773474,0.0,16000000.0,17516181.0
291,M-1430,item:268967,0.0,1401400.0,84451.714286
291,M-1810,item:268091,14400.0,2880000.0,35044.448956
291,SDC-1450,item:773474,0.0,16000000.0,17516181.0
292,M-1430,item:268967,0.0,1401400.0,84451.714286
292,M-1810,item:268091,14400.0,2894400.0,35241.387725
292,SDC-1450,item:773474,0.0,16000000.0,17516181.0
293,M-1430,item:268967,0.0,1401400.0,84451.714286
293,M-1810,item:268091,14400.0,2908800.0,28120.204067
293,SDC-1450,item:773474,0.0,16000000.0,17516181.0
294,M-1430,item:268967,0.0,1401400.0,84451.714286
294,M-1810,item:268091,14400.0,2923200.0,14400.0
294,SDC-1450,item:773474,0.0,16000000.0,17516181.0
295,M-1430,item:268967,0.0,1401400.0,84451.714286
295,M-1810,item:268091,14400.0,2937600.0,16008.367356
295,SDC-1450,item:773474,0.0,16000000.0,17516181.0
296,M-1430,item:268967,0.0,1401400.0,84451.714286
296,M-1810,item:268091,14400.0,2952000.0,30408.367356
296,SDC-1450,item:773474,0.0,16000000.0,17516181.0
297,M-1430,item:268967,0.0,1401400.0,84451.714286
297,M-1810,item:268091,14400.0,2966400.0,44808.367356
297,SDC-1450,item:773474,0.0,16000000.0,17516181.0
298,M-1430,item:268967,0.0,1401400.0,84451.714286
298,M-1810,item:268091,0.0,2966400.0,44808.367356
298,SDC-1450,item:773474,0.0,16000000.0,17516181.0
299,M-1430,item:268967,0.0,1401400.0,84451.714286
299,M-1810,item:268091,0.0,2966400.0,44808.367356
299,SDC-1450,item:773474,0.0,16000000.0,17516181.0
300,M-1430,item:268967,0.0,1401400.0,84451.714286
300,M-1810,item:268091,0.0,2966400.0,44808.367356
300,SDC-1450,item:773474,0.0,16000000.0,17516181.0
301,M-1430,item:268967,0.0,1401400.0,84451.714286
301,M-1810,item:268091,0.0,2966400.0,44808.367356
301,SDC-1450,item:773474,0.0,16000000.0,17516181.0
302,M-1430,item:268967,0.0,1401400.0,84451.714286
302,M-1810,item:268091,0.0,2966400.0,44808.367356
302,SDC-1450,item:773474,0.0,16000000.0,17516181.0
303,M-1430,item:268967,0.0,1401400.0,84451.714286
303,M-1810,item:268091,0.0,2966400.0,44808.367356
303,SDC-1450,item:773474,0.0,16000000.0,17516181.0
304,M-1430,item:268967,0.0,1401400.0,79280.285734
304,M-1810,item:268091,0.0,2966400.0,39183.530606
304,SDC-1450,item:773474,0.0,16000000.0,17516181.0
305,M-1430,item:268967,0.0,1401400.0,61428.571468
305,M-1810,item:268091,14400.0,2980800.0,34243.326509
305,SDC-1450,item:773474,0.0,16000000.0,17516181.0
306,M-1430,item:268967,0.0,1401400.0,35514.571469
306,M-1810,item:268091,14400.0,2995200.0,20815.693857
306,SDC-1450,item:773474,0.0,16000000.0,17516181.0
307,M-1430,item:268967,107800.0,1509200.0,121465.142879
307,M-1810,item:268091,14400.0,3009600.0,14400.0
307,SDC-1450,item:773474,0.0,16000000.0,17516181.0
308,M-1430,item:268967,0.0,1509200.0,111189.14286
308,M-1810,item:268091,14400.0,3024000.0,18724.979609
308,SDC-1450,item:773474,0.0,16000000.0,17516181.0
309,M-1430,item:268967,0.0,1509200.0,107868.571431
309,M-1810,item:268091,14400.0,3038400.0,28562.693892
309,SDC-1450,item:773474,0.0,16000000.0,17516181.0
310,M-1430,item:268967,0.0,1509200.0,99376.571451
310,M-1810,item:268091,14400.0,3052800.0,32775.571424
310,SDC-1450,item:773474,0.0,16000000.0,17516181.0
311,M-1430,item:268967,0.0,1509200.0,94205.142899
311,M-1810,item:268091,14400.0,3067200.0,35430.061201
311,SDC-1450,item:773474,0.0,16000000.0,17516181.0
312,M-1430,item:268967,0.0,1509200.0,89033.714347
312,M-1810,item:268091,14400.0,3081600.0,47285.612221
312,SDC-1450,item:773474,0.0,16000000.0,17516181.0
313,M-1430,item:268967,0.0,1509200.0,89033.714347
313,M-1810,item:268091,0.0,3081600.0,47285.612221
313,SDC-1450,item:773474,0.0,16000000.0,17516181.0
314,M-1430,item:268967,0.0,1509200.0,89033.714347
314,M-1810,item:268091,0.0,3081600.0,47285.612221
314,SDC-1450,item:773474,0.0,16000000.0,17516181.0
315,M-1430,item:268967,0.0,1509200.0,89033.714347
315,M-1810,item:268091,0.0,3081600.0,47285.612221
315,SDC-1450,item:773474,0.0,16000000.0,17516181.0
316,M-1430,item:268967,0.0,1509200.0,89033.714347
316,M-1810,item:268091,0.0,3081600.0,47285.612221
316,SDC-1450,item:773474,0.0,16000000.0,17516181.0
317,M-1430,item:268967,0.0,1509200.0,89033.714347
317,M-1810,item:268091,0.0,3081600.0,47285.612221
317,SDC-1450,item:773474,0.0,16000000.0,17516181.0
318,M-1430,item:268967,0.0,1509200.0,89033.714347
318,M-1810,item:268091,0.0,3081600.0,42005.591831
318,SDC-1450,item:773474,0.0,16000000.0,17516181.0
319,M-1430,item:268967,0.0,1509200.0,89033.714347
319,M-1810,item:268091,14400.0,3096000.0,24609.469401
319,SDC-1450,item:773474,0.0,16000000.0,17516181.0
320,M-1430,item:268967,0.0,1509200.0,89033.714347
320,M-1810,item:268091,14400.0,3110400.0,14400.0
320,SDC-1450,item:773474,0.0,16000000.0,17516181.0
321,M-1430,item:268967,0.0,1509200.0,89033.714347
321,M-1810,item:268091,14400.0,3124800.0,14400.0
321,SDC-1450,item:773474,0.0,16000000.0,17516181.0
322,M-1430,item:268967,0.0,1509200.0,83708.591856
322,M-1810,item:268091,28800.0,3153600.0,28800.0
322,SDC-1450,item:773474,0.0,16000000.0,17516181.0
323,M-1430,item:268967,0.0,1509200.0,70929.448956
323,M-1810,item:268091,28800.0,3182400.0,28800.0
323,SDC-1450,item:773474,0.0,16000000.0,17516181.0
324,M-1430,item:268967,0.0,1509200.0,55840.714262
324,M-1810,item:268091,28800.0,3211200.0,28800.0
324,SDC-1450,item:773474,0.0,16000000.0,17516181.0
325,M-1430,item:268967,0.0,1509200.0,44655.918386
325,M-1810,item:268091,28800.0,3240000.0,28800.0
325,SDC-1450,item:773474,0.0,16000000.0,17516181.0
326,M-1430,item:268967,107800.0,1617000.0,132144.571491
326,M-1810,item:268091,28800.0,3268800.0,28800.0
326,SDC-1450,item:773474,0.0,16000000.0,17516181.0
327,M-1430,item:268967,0.0,1617000.0,128728.857208
327,M-1810,item:268091,28800.0,3297600.0,28800.0
327,SDC-1450,item:773474,0.0,16000000.0,17516181.0
328,M-1430,item:268967,0.0,1617000.0,128728.857208
328,M-1810,item:268091,14400.0,3312000.0,23138.510197
328,SDC-1450,item:773474,0.0,16000000.0,17516181.0
329,M-1430,item:268967,0.0,1617000.0,128728.857208
329,M-1810,item:268091,28800.0,3340800.0,28800.0
329,SDC-1450,item:773474,0.0,16000000.0,17516181.0
330,M-1430,item:268967,0.0,1617000.0,119398.428597
330,M-1810,item:268091,28800.0,3369600.0,28800.0
330,SDC-1450,item:773474,0.0,16000000.0,17516181.0
331,M-1430,item:268967,0.0,1617000.0,99684.714272
331,M-1810,item:268091,28800.0,3398400.0,28800.0
331,SDC-1450,item:773474,0.0,16000000.0,17516181.0
332,M-1430,item:268967,0.0,1617000.0,87808.530598
332,M-1810,item:268091,14400.0,3412800.0,37550.122443
332,SDC-1450,item:773474,0.0,16000000.0,17516181.0
333,M-1430,item:268967,0.0,1617000.0,87808.530598
333,M-1810,item:268091,14400.0,3427200.0,51950.122443
333,SDC-1450,item:773474,0.0,16000000.0,17516181.0
334,M-1430,item:268967,0.0,1617000.0,87808.530598
334,M-1810,item:268091,0.0,3427200.0,51950.122443
334,SDC-1450,item:773474,0.0,16000000.0,17516181.0
335,M-1430,item:268967,0.0,1617000.0,87808.530598
335,M-1810,item:268091,0.0,3427200.0,51950.122443
335,SDC-1450,item:773474,0.0,16000000.0,17516181.0
336,M-1430,item:268967,0.0,1617000.0,87808.530598
336,M-1810,item:268091,0.0,3427200.0,51950.122443
336,SDC-1450,item:773474,0.0,16000000.0,17516181.0
337,M-1430,item:268967,0.0,1617000.0,87808.530598
337,M-1810,item:268091,0.0,3427200.0,51950.122443
337,SDC-1450,item:773474,0.0,16000000.0,17516181.0
338,M-1430,item:268967,0.0,1617000.0,87808.530598
338,M-1810,item:268091,0.0,3427200.0,51950.122443
338,SDC-1450,item:773474,0.0,16000000.0,17516181.0
339,M-1430,item:268967,0.0,1617000.0,87808.530598
339,M-1810,item:268091,0.0,3427200.0,51950.122443
339,SDC-1450,item:773474,0.0,16000000.0,17516181.0
340,M-1430,item:268967,0.0,1617000.0,87808.530598
340,M-1810,item:268091,0.0,3427200.0,51950.122443
340,SDC-1450,item:773474,0.0,16000000.0,17516181.0
341,M-1430,item:268967,0.0,1617000.0,87808.530598
341,M-1810,item:268091,0.0,3427200.0,48581.795912
341,SDC-1450,item:773474,0.0,16000000.0,17516181.0
342,M-1430,item:268967,0.0,1617000.0,84443.612266
342,M-1810,item:268091,14400.0,3441600.0,47384.999993
342,SDC-1450,item:773474,0.0,16000000.0,17516181.0
343,M-1430,item:268967,0.0,1617000.0,75508.857199
343,M-1810,item:268091,14400.0,3456000.0,33826.938766
343,SDC-1450,item:773474,0.0,16000000.0,17516181.0
344,M-1430,item:268967,0.0,1617000.0,64305.387814
344,M-1810,item:268091,14400.0,3470400.0,23371.612233
344,SDC-1450,item:773474,0.0,16000000.0,17516181.0
345,M-1430,item:268967,0.0,1617000.0,64305.387814
345,M-1810,item:268091,14400.0,3484800.0,28247.489783
345,SDC-1450,item:773474,0.0,16000000.0,17516181.0
346,M-1430,item:268967,0.0,1617000.0,57395.979617
346,M-1810,item:268091,14400.0,3499200.0,30812.979581
346,SDC-1450,item:773474,0.0,16000000.0,17516181.0
347,M-1430,item:268967,0.0,1617000.0,46893.081659
347,M-1810,item:268091,14400.0,3513600.0,22885.306113
347,SDC-1450,item:773474,0.0,16000000.0,17516181.0
348,M-1430,item:268967,107800.0,1724800.0,133331.122476
348,M-1810,item:268091,28800.0,3542400.0,28800.0
348,SDC-1450,item:773474,0.0,16000000.0,17516181.0
349,M-1430,item:268967,0.0,1724800.0,111256.836763
349,M-1810,item:268091,28800.0,3571200.0,28800.0
349,SDC-1450,item:773474,0.0,16000000.0,17516181.0
350,M-1430,item:268967,0.0,1724800.0,98973.122478
350,M-1810,item:268091,28800.0,3600000.0,28800.0
350,SDC-1450,item:773474,0.0,16000000.0,17516181.0
351,M-1430,item:268967,0.0,1724800.0,96836.142887
351,M-1810,item:268091,28800.0,3628800.0,28800.0
351,SDC-1450,item:773474,0.0,16000000.0,17516181.0
352,M-1430,item:268967,0.0,1724800.0,94699.163295
352,M-1810,item:268091,28800.0,3657600.0,28800.0
352,SDC-1450,item:773474,0.0,16000000.0,17516181.0
353,M-1430,item:268967,0.0,1724800.0,94699.163295
353,M-1810,item:268091,28800.0,3686400.0,28800.0
353,SDC-1450,item:773474,0.0,16000000.0,17516181.0
354,M-1430,item:268967,0.0,1724800.0,94699.163295
354,M-1810,item:268091,28800.0,3715200.0,28800.0
354,SDC-1450,item:773474,0.0,16000000.0,17516181.0
355,M-1430,item:268967,0.0,1724800.0,94699.163295
355,M-1810,item:268091,28800.0,3744000.0,28800.0
355,SDC-1450,item:773474,0.0,16000000.0,17516181.0
356,M-1430,item:268967,0.0,1724800.0,94699.163295
356,M-1810,item:268091,14400.0,3758400.0,38163.020404
356,SDC-1450,item:773474,0.0,16000000.0,17516181.0
357,M-1430,item:268967,0.0,1724800.0,94699.163295
357,M-1810,item:268091,14400.0,3772800.0,36018.122441
357,SDC-1450,item:773474,0.0,16000000.0,17516181.0
358,M-1430,item:268967,0.0,1724800.0,94699.163295
358,M-1810,item:268091,14400.0,3787200.0,27848.81632
358,SDC-1450,item:773474,0.0,16000000.0,17516181.0
359,M-1430,item:268967,0.0,1724800.0,94699.163295
359,M-1810,item:268091,14400.0,3801600.0,42248.81632
359,SDC-1450,item:773474,0.0,16000000.0,17516181.0
360,M-1430,item:268967,0.0,1724800.0,94699.163295
360,M-1810,item:268091,14400.0,3816000.0,56648.81632
360,SDC-1450,item:773474,0.0,16000000.0,17516181.0
361,M-1430,item:268967,0.0,1724800.0,94699.163295
361,M-1810,item:268091,0.0,3816000.0,56648.81632
361,SDC-1450,item:773474,0.0,16000000.0,17516181.0
362,M-1430,item:268967,0.0,1724800.0,94699.163295
362,M-1810,item:268091,0.0,3816000.0,56648.81632
362,SDC-1450,item:773474,0.0,16000000.0,17516181.0
363,M-1430,item:268967,0.0,1724800.0,94699.163295
363,M-1810,item:268091,0.0,3816000.0,56648.81632
363,SDC-1450,item:773474,0.0,16000000.0,17516181.0
364,M-1430,item:268967,0.0,1724800.0,94699.163295
364,M-1810,item:268091,0.0,3816000.0,56648.81632
364,SDC-1450,item:773474,0.0,16000000.0,17516181.0
365,M-1430,item:268967,0.0,1724800.0,94699.163295
365,M-1810,item:268091,0.0,3816000.0,56648.81632
365,SDC-1450,item:773474,0.0,16000000.0,17516181.0
366,M-1430,item:268967,0.0,1724800.0,94699.163295
366,M-1810,item:268091,0.0,3816000.0,56648.81632
366,SDC-1450,item:773474,0.0,16000000.0,17516181.0
367,M-1430,item:268967,0.0,1724800.0,94699.163295
367,M-1810,item:268091,0.0,3816000.0,56648.81632
367,SDC-1450,item:773474,0.0,16000000.0,17516181.0
368,M-1430,item:268967,0.0,1724800.0,94699.163295
368,M-1810,item:268091,0.0,3816000.0,56648.81632
368,SDC-1450,item:773474,0.0,16000000.0,17516181.0
369,M-1430,item:268967,0.0,1724800.0,92731.204106
369,M-1810,item:268091,0.0,3816000.0,56648.81632
369,SDC-1450,item:773474,0.0,16000000.0,17516181.0
370,M-1430,item:268967,0.0,1724800.0,79229.591855
370,M-1810,item:268091,0.0,3816000.0,56648.81632
370,SDC-1450,item:773474,0.0,16000000.0,17516181.0
371,M-1430,item:268967,0.0,1724800.0,55634.591854
371,M-1810,item:268091,0.0,3816000.0,56648.81632
371,SDC-1450,item:773474,0.0,16000000.0,17516181.0
372,M-1430,item:268967,0.0,1724800.0,32952.163287
372,M-1810,item:268091,0.0,3816000.0,56648.81632
372,SDC-1450,item:773474,0.0,16000000.0,17516181.0
373,M-1430,item:268967,107800.0,1832600.0,128548.000026
373,M-1810,item:268091,0.0,3816000.0,56648.81632
373,SDC-1450,item:773474,0.0,16000000.0,17516181.0
374,M-1430,item:268967,0.0,1832600.0,125381.836761
374,M-1810,item:268091,0.0,3816000.0,56648.81632
374,SDC-1450,item:773474,0.0,16000000.0,17516181.0
375,M-1430,item:268967,0.0,1832600.0,125381.836761
375,M-1810,item:268091,0.0,3816000.0,56648.81632
375,SDC-1450,item:773474,0.0,16000000.0,17516181.0
376,M-1430,item:268967,0.0,1832600.0,125381.836761
376,M-1810,item:268091,0.0,3816000.0,56648.81632
376,SDC-1450,item:773474,0.0,16000000.0,17516181.0
377,M-1430,item:268967,0.0,1832600.0,125381.836761
377,M-1810,item:268091,0.0,3816000.0,56648.81632
377,SDC-1450,item:773474,0.0,16000000.0,17516181.0
378,M-1430,item:268967,0.0,1832600.0,125381.836761
378,M-1810,item:268091,0.0,3816000.0,56648.81632
378,SDC-1450,item:773474,0.0,16000000.0,17516181.0
379,M-1430,item:268967,0.0,1832600.0,125381.836761
379,M-1810,item:268091,0.0,3816000.0,56648.81632
379,SDC-1450,item:773474,0.0,16000000.0,17516181.0
380,M-1430,item:268967,0.0,1832600.0,125381.836761
380,M-1810,item:268091,0.0,3816000.0,56648.81632
380,SDC-1450,item:773474,0.0,16000000.0,17516181.0
381,M-1430,item:268967,0.0,1832600.0,125381.836761
381,M-1810,item:268091,0.0,3816000.0,56648.81632
381,SDC-1450,item:773474,0.0,16000000.0,17516181.0
382,M-1430,item:268967,0.0,1832600.0,125381.836761
382,M-1810,item:268091,0.0,3816000.0,49910.877541
382,SDC-1450,item:773474,0.0,16000000.0,17516181.0
383,M-1430,item:268967,0.0,1832600.0,124169.836755
383,M-1810,item:268091,14400.0,3830400.0,40365.122435
383,SDC-1450,item:773474,0.0,16000000.0,17516181.0
384,M-1430,item:268967,0.0,1832600.0,119422.530626
384,M-1810,item:268091,14400.0,3844800.0,19734.367332
384,SDC-1450,item:773474,0.0,16000000.0,17516181.0
385,M-1430,item:268967,0.0,1832600.0,117136.551039
385,M-1810,item:268091,14400.0,3859200.0,14400.0
385,SDC-1450,item:773474,0.0,16000000.0,17516181.0
386,M-1430,item:268967,0.0,1832600.0,113675.897977
386,M-1810,item:268091,14400.0,3873600.0,14400.0
386,SDC-1450,item:773474,0.0,16000000.0,17516181.0
387,M-1430,item:268967,0.0,1832600.0,106791.918383
387,M-1810,item:268091,14400.0,3888000.0,15320.571416
387,SDC-1450,item:773474,0.0,16000000.0,17516181.0
388,M-1430,item:268967,0.0,1832600.0,99982.591851
388,M-1810,item:268091,14400.0,3902400.0,14400.0
388,SDC-1450,item:773474,0.0,16000000.0,17516181.0
389,M-1430,item:268967,0.0,1832600.0,93976.428587
389,M-1810,item:268091,14400.0,3916800.0,14400.0
389,SDC-1450,item:773474,0.0,16000000.0,17516181.0
390,M-1430,item:268967,0.0,1832600.0,88553.959203
390,M-1810,item:268091,14400.0,3931200.0,28800.0
390,SDC-1450,item:773474,0.0,16000000.0,17516181.0
391,M-1430,item:268967,0.0,1832600.0,82767.204105
391,M-1810,item:268091,14400.0,3945600.0,41185.102032
391,SDC-1450,item:773474,0.0,16000000.0,17516181.0
392,M-1430,item:268967,0.0,1832600.0,75887.653087
392,M-1810,item:268091,14400.0,3960000.0,45334.653045
392,SDC-1450,item:773474,0.0,16000000.0,17516181.0
393,M-1430,item:268967,0.0,1832600.0,68134.775534
393,M-1810,item:268091,14400.0,3974400.0,41439.550998
393,SDC-1450,item:773474,0.0,16000000.0,17516181.0
394,M-1430,item:268967,0.0,1832600.0,60456.551043
394,M-1810,item:268091,14400.0,3988800.0,39941.142838
394,SDC-1450,item:773474,0.0,16000000.0,17516181.0
395,M-1430,item:268967,0.0,1832600.0,53581.48982
395,M-1810,item:268091,14400.0,4003200.0,54341.142838
395,SDC-1450,item:773474,0.0,16000000.0,17516181.0
396,M-1430,item:268967,0.0,1832600.0,51792.571455
396,M-1810,item:268091,0.0,4003200.0,54341.142838
396,SDC-1450,item:773474,0.0,16000000.0,17516181.0
397,M-1430,item:268967,0.0,1832600.0,51792.571455
397,M-1810,item:268091,0.0,4003200.0,50262.653056
397,SDC-1450,item:773474,0.0,16000000.0,17516181.0
398,M-1430,item:268967,0.0,1832600.0,51792.571455
398,M-1810,item:268091,14400.0,4017600.0,52412.244905
398,SDC-1450,item:773474,0.0,16000000.0,17516181.0
399,M-1430,item:268967,0.0,1832600.0,51792.571455
399,M-1810,item:268091,14400.0,4032000.0,50595.673473
399,SDC-1450,item:773474,0.0,16000000.0,17516181.0
400,M-1430,item:268967,0.0,1832600.0,49852.775532
400,M-1810,item:268091,0.0,4032000.0,38712.122435
400,SDC-1450,item:773474,0.0,16000000.0,17516181.0
401,M-1430,item:268967,0.0,1832600.0,46097.632669
401,M-1810,item:268091,14400.0,4046400.0,49655.020378
401,SDC-1450,item:773474,0.0,16000000.0,17516181.0
402,M-1430,item:268967,0.0,1832600.0,46097.632669
402,M-1810,item:268091,0.0,4046400.0,49655.020378
402,SDC-1450,item:773474,0.0,16000000.0,17516181.0
403,M-1430,item:268967,0.0,1832600.0,36076.959204
403,M-1810,item:268091,0.0,4046400.0,49540.326517
403,SDC-1450,item:773474,0.0,16000000.0,17516181.0
404,M-1430,item:268967,107800.0,1940400.0,123124.775536
404,M-1810,item:268091,0.0,4046400.0,45430.857147
404,SDC-1450,item:773474,0.0,16000000.0,17516181.0
405,M-1430,item:268967,0.0,1940400.0,101230.714312
405,M-1810,item:268091,0.0,4046400.0,37781.918374
405,SDC-1450,item:773474,0.0,16000000.0,17273772.0
406,M-1430,item:268967,0.0,1940400.0,88495.244921
406,M-1810,item:268091,14400.0,4060800.0,41219.428582
406,SDC-1450,item:773474,0.0,16000000.0,17273772.0
407,M-1430,item:268967,0.0,1940400.0,85629.204101
407,M-1810,item:268091,0.0,4060800.0,39042.408159
407,SDC-1450,item:773474,0.0,16000000.0,17273772.0
408,M-1430,item:268967,0.0,1940400.0,83042.959204
408,M-1810,item:268091,0.0,4060800.0,39042.408159
408,SDC-1450,item:773474,0.0,16000000.0,17273772.0
409,M-1430,item:268967,0.0,1940400.0,70436.040841
409,M-1810,item:268091,0.0,4060800.0,39042.408159
409,SDC-1450,item:773474,0.0,16000000.0,17273772.0
410,M-1430,item:268967,0.0,1940400.0,58646.693906
410,M-1810,item:268091,14400.0,4075200.0,37031.183668
410,SDC-1450,item:773474,0.0,16000000.0,17273772.0
411,M-1430,item:268967,0.0,1940400.0,58034.489823
411,M-1810,item:268091,14400.0,4089600.0,14400.0
411,SDC-1450,item:773474,0.0,16000000.0,17273772.0
412,M-1430,item:268967,0.0,1940400.0,58034.489823
412,M-1810,item:268091,14400.0,4104000.0,14400.0
412,SDC-1450,item:773474,0.0,16000000.0,17273772.0
413,M-1430,item:268967,0.0,1940400.0,58034.489823
413,M-1810,item:268091,14400.0,4118400.0,14400.0
413,SDC-1450,item:773474,0.0,16000000.0,17273772.0
414,M-1430,item:268967,0.0,1940400.0,58034.489823
414,M-1810,item:268091,14400.0,4132800.0,14400.0
414,SDC-1450,item:773474,0.0,16000000.0,17273772.0
415,M-1430,item:268967,0.0,1940400.0,58034.489823
415,M-1810,item:268091,14400.0,4147200.0,14400.0
415,SDC-1450,item:773474,0.0,16000000.0,17273772.0
416,M-1430,item:268967,0.0,1940400.0,58034.489823
416,M-1810,item:268091,14400.0,4161600.0,14400.0
416,SDC-1450,item:773474,0.0,16000000.0,17273772.0
417,M-1430,item:268967,0.0,1940400.0,58034.489823
417,M-1810,item:268091,14400.0,4176000.0,14400.0
417,SDC-1450,item:773474,0.0,16000000.0,17273772.0
418,M-1430,item:268967,0.0,1940400.0,49592.346958
418,M-1810,item:268091,14400.0,4190400.0,14400.0
418,SDC-1450,item:773474,0.0,16000000.0,17273772.0
419,M-1430,item:268967,0.0,1940400.0,31621.693888
419,M-1810,item:268091,14400.0,4204800.0,14400.0
419,SDC-1450,item:773474,0.0,16000000.0,17273772.0
420,M-1430,item:268967,107800.0,2048200.0,120067.693887
420,M-1810,item:268091,14400.0,4219200.0,14400.0
420,SDC-1450,item:773474,0.0,16000000.0,17273772.0
421,M-1430,item:268967,0.0,2048200.0,108561.877568
421,M-1810,item:268091,14400.0,4233600.0,14400.0
421,SDC-1450,item:773474,0.0,16000000.0,16131991.0
422,M-1430,item:268967,0.0,2048200.0,86636.612268
422,M-1810,item:268091,14400.0,4248000.0,14400.0
422,SDC-1450,item:773474,0.0,16000000.0,16131991.0
423,M-1430,item:268967,0.0,2048200.0,73348.918397
423,M-1810,item:268091,14400.0,4262400.0,14400.0
423,SDC-1450,item:773474,0.0,16000000.0,16131991.0
424,M-1430,item:268967,0.0,2048200.0,73348.918397
424,M-1810,item:268091,14400.0,4276800.0,14400.0
424,SDC-1450,item:773474,0.0,16000000.0,16131991.0
425,M-1430,item:268967,0.0,2048200.0,73348.918397
425,M-1810,item:268091,14400.0,4291200.0,14400.0
425,SDC-1450,item:773474,0.0,16000000.0,16131991.0
426,M-1430,item:268967,0.0,2048200.0,73348.918397
426,M-1810,item:268091,14400.0,4305600.0,14400.0
426,SDC-1450,item:773474,0.0,16000000.0,16131991.0
427,M-1430,item:268967,0.0,2048200.0,73348.918397
427,M-1810,item:268091,14400.0,4320000.0,14400.0
427,SDC-1450,item:773474,0.0,16000000.0,16131991.0
428,M-1430,item:268967,0.0,2048200.0,73348.918397
428,M-1810,item:268091,14400.0,4334400.0,14400.0
428,SDC-1450,item:773474,0.0,16000000.0,16131991.0
429,M-1430,item:268967,0.0,2048200.0,73348.918397
429,M-1810,item:268091,14400.0,4348800.0,14400.0
429,SDC-1450,item:773474,0.0,16000000.0,16131991.0
430,M-1430,item:268967,0.0,2048200.0,73348.918397
430,M-1810,item:268091,14400.0,4363200.0,26427.999995
430,SDC-1450,item:773474,0.0,16000000.0,16131991.0
431,M-1430,item:268967,0.0,2048200.0,73348.918397
431,M-1810,item:268091,14400.0,4377600.0,30920.408154
431,SDC-1450,item:773474,0.0,16000000.0,16131991.0
432,M-1430,item:268967,0.0,2048200.0,73348.918397
432,M-1810,item:268091,14400.0,4392000.0,30501.918358
432,SDC-1450,item:773474,0.0,16000000.0,16131991.0
433,M-1430,item:268967,0.0,2048200.0,73348.918397
433,M-1810,item:268091,14400.0,4406400.0,32960.816323
433,SDC-1450,item:773474,0.0,16000000.0,16131991.0
434,M-1430,item:268967,0.0,2048200.0,70036.632671
434,M-1810,item:268091,14400.0,4420800.0,43460.69388
434,SDC-1450,item:773474,0.0,16000000.0,16131991.0
435,M-1430,item:268967,0.0,2048200.0,56849.448986
435,M-1810,item:268091,0.0,4420800.0,43460.69388
435,SDC-1450,item:773474,0.0,16000000.0,16131991.0
436,M-1430,item:268967,0.0,2048200.0,33479.530607
436,M-1810,item:268091,0.0,4420800.0,42604.85714
436,SDC-1450,item:773474,0.0,16000000.0,16131991.0
437,M-1430,item:268967,0.0,2048200.0,26301.244903
437,M-1810,item:268091,14400.0,4435200.0,50129.591829
437,SDC-1450,item:773474,0.0,16000000.0,16131991.0
438,M-1430,item:268967,0.0,2048200.0,26301.244903
438,M-1810,item:268091,14400.0,4449600.0,44603.632646
438,SDC-1450,item:773474,0.0,16000000.0,16131991.0
439,M-1430,item:268967,0.0,2048200.0,26301.244903
439,M-1810,item:268091,14400.0,4464000.0,31756.448976
439,SDC-1450,item:773474,0.0,16000000.0,16131991.0
440,M-1430,item:268967,0.0,2048200.0,26301.244903
440,M-1810,item:268091,14400.0,4478400.0,24348.77551
440,SDC-1450,item:773474,0.0,16000000.0,16131991.0
441,M-1430,item:268967,0.0,2048200.0,26301.244903
441,M-1810,item:268091,14400.0,4492800.0,29411.87755
441,SDC-1450,item:773474,0.0,16000000.0,16131991.0
442,M-1430,item:268967,0.0,2048200.0,26301.244903
442,M-1810,item:268091,14400.0,4507200.0,41216.285708
442,SDC-1450,item:773474,0.0,16000000.0,16131991.0
443,M-1430,item:268967,0.0,2048200.0,24969.714311
443,M-1810,item:268091,14400.0,4521600.0,47001.265295
443,SDC-1450,item:773474,0.0,16000000.0,16131991.0
444,M-1430,item:268967,0.0,2048200.0,21970.612291
444,M-1810,item:268091,14400.0,4536000.0,37139.959167
444,SDC-1450,item:773474,0.0,16000000.0,16131991.0
445,M-1430,item:268967,107800.0,2156000.0,123799.163311
445,M-1810,item:268091,14400.0,4550400.0,25368.122437
445,SDC-1450,item:773474,0.0,16000000.0,16131991.0
446,M-1430,item:268967,0.0,2156000.0,113548.673514
446,M-1810,item:268091,14400.0,4564800.0,24634.163263
446,SDC-1450,item:773474,3200000.0,19200000.0,18392214.0
447,M-1430,item:268967,0.0,2156000.0,99043.979633
447,M-1810,item:268091,14400.0,4579200.0,39034.163263
447,SDC-1450,item:773474,0.0,19200000.0,18392214.0
448,M-1430,item:268967,0.0,2156000.0,86281.367384
448,M-1810,item:268091,14400.0,4593600.0,52852.285707
448,SDC-1450,item:773474,0.0,19200000.0,18392214.0
449,M-1430,item:268967,0.0,2156000.0,72313.326539
449,M-1810,item:268091,14400.0,4608000.0,53140.122437
449,SDC-1450,item:773474,0.0,19200000.0,18392214.0
450,M-1430,item:268967,0.0,2156000.0,66928.204065
450,M-1810,item:268091,14400.0,4622400.0,40377.265294
450,SDC-1450,item:773474,0.0,19200000.0,18392214.0
451,M-1430,item:268967,0.0,2156000.0,66928.204065
451,M-1810,item:268091,14400.0,4636800.0,27991.714278
451,SDC-1450,item:773474,0.0,19200000.0,18392214.0
452,M-1430,item:268967,0.0,2156000.0,66928.204065
452,M-1810,item:268091,14400.0,4651200.0,37765.040813
452,SDC-1450,item:773474,0.0,19200000.0,18392214.0
453,M-1430,item:268967,0.0,2156000.0,66928.204065
453,M-1810,item:268091,14400.0,4665600.0,52165.040813
453,SDC-1450,item:773474,0.0,19200000.0,18392214.0
454,M-1430,item:268967,0.0,2156000.0,66928.204065
454,M-1810,item:268091,0.0,4665600.0,52165.040813
454,SDC-1450,item:773474,0.0,19200000.0,18392214.0
455,M-1430,item:268967,0.0,2156000.0,66928.204065
455,M-1810,item:268091,0.0,4665600.0,52165.040813
455,SDC-1450,item:773474,0.0,19200000.0,18392214.0
456,M-1430,item:268967,0.0,2156000.0,66928.204065
456,M-1810,item:268091,0.0,4665600.0,52165.040813
456,SDC-1450,item:773474,0.0,19200000.0,18392214.0
457,M-1430,item:268967,0.0,2156000.0,66928.204065
457,M-1810,item:268091,0.0,4665600.0,52165.040813
457,SDC-1450,item:773474,0.0,19200000.0,18392214.0
458,M-1430,item:268967,0.0,2156000.0,63974.285736
458,M-1810,item:268091,0.0,4665600.0,52165.040813
458,SDC-1450,item:773474,0.0,19200000.0,18392214.0
459,M-1430,item:268967,0.0,2156000.0,54788.612304
459,M-1810,item:268091,0.0,4665600.0,52165.040813
459,SDC-1450,item:773474,0.0,19200000.0,18392214.0
460,M-1430,item:268967,0.0,2156000.0,42232.061285
460,M-1810,item:268091,0.0,4665600.0,50854.163255
460,SDC-1450,item:773474,0.0,19200000.0,18392214.0
461,M-1430,item:268967,0.0,2156000.0,23257.673533
461,M-1810,item:268091,0.0,4665600.0,45857.59182
461,SDC-1450,item:773474,0.0,19200000.0,18392214.0
462,M-1430,item:268967,0.0,2156000.0,23257.673533
462,M-1810,item:268091,0.0,4665600.0,43789.306113
462,SDC-1450,item:773474,0.0,19200000.0,18392214.0
463,M-1430,item:268967,0.0,2156000.0,22699.428635
463,M-1810,item:268091,0.0,4665600.0,38648.387753
463,SDC-1450,item:773474,0.0,19200000.0,18392214.0
464,M-1430,item:268967,0.0,2156000.0,22699.428635
464,M-1810,item:268091,0.0,4665600.0,32809.65306
464,SDC-1450,item:773474,0.0,19200000.0,18392214.0
465,M-1430,item:268967,0.0,2156000.0,18398.142885
465,M-1810,item:268091,14400.0,4680000.0,44052.265299
465,SDC-1450,item:773474,0.0,19200000.0,18392214.0
466,M-1430,item:268967,0.0,2156000.0,18398.142885
466,M-1810,item:268091,14400.0,4694400.0,40925.163252
466,SDC-1450,item:773474,0.0,19200000.0,18392214.0
467,M-1430,item:268967,0.0,2156000.0,18398.142885
467,M-1810,item:268091,14400.0,4708800.0,19849.836721
467,SDC-1450,item:773474,0.0,19200000.0,18392214.0
468,M-1430,item:268967,0.0,2156000.0,18398.142885
468,M-1810,item:268091,14400.0,4723200.0,14400.0
468,SDC-1450,item:773474,0.0,19200000.0,18392214.0
469,M-1430,item:268967,0.0,2156000.0,18398.142885
469,M-1810,item:268091,14400.0,4737600.0,14400.0
469,SDC-1450,item:773474,0.0,19200000.0,18392214.0
470,M-1430,item:268967,0.0,2156000.0,18398.142885
470,M-1810,item:268091,14400.0,4752000.0,14400.0
470,SDC-1450,item:773474,0.0,19200000.0,18392214.0
471,M-1430,item:268967,0.0,2156000.0,18398.142885
471,M-1810,item:268091,14400.0,4766400.0,14400.0
471,SDC-1450,item:773474,0.0,19200000.0,18392214.0
472,M-1430,item:268967,0.0,2156000.0,18398.142885
472,M-1810,item:268091,14400.0,4780800.0,14400.0
472,SDC-1450,item:773474,0.0,19200000.0,18392214.0
473,M-1430,item:268967,0.0,2156000.0,18398.142885
473,M-1810,item:268091,14400.0,4795200.0,14400.0
473,SDC-1450,item:773474,0.0,19200000.0,18392214.0
474,M-1430,item:268967,0.0,2156000.0,18398.142885
474,M-1810,item:268091,14400.0,4809600.0,14400.0
474,SDC-1450,item:773474,0.0,19200000.0,18392214.0
475,M-1430,item:268967,0.0,2156000.0,18398.142885
475,M-1810,item:268091,14400.0,4824000.0,14400.0
475,SDC-1450,item:773474,0.0,19200000.0,18392214.0
476,M-1430,item:268967,0.0,2156000.0,18398.142885
476,M-1810,item:268091,14400.0,4838400.0,21045.30612
476,SDC-1450,item:773474,0.0,19200000.0,18392214.0
477,M-1430,item:268967,0.0,2156000.0,18398.142885
477,M-1810,item:268091,14400.0,4852800.0,35445.30612
477,SDC-1450,item:773474,0.0,19200000.0,18392214.0
478,M-1430,item:268967,0.0,2156000.0,18398.142885
478,M-1810,item:268091,14400.0,4867200.0,49845.30612
478,SDC-1450,item:773474,0.0,19200000.0,18392214.0
479,M-1430,item:268967,0.0,2156000.0,18398.142885
479,M-1810,item:268091,0.0,4867200.0,49845.30612
479,SDC-1450,item:773474,0.0,19200000.0,18392214.0
480,M-1430,item:268967,0.0,2156000.0,18398.142885
480,M-1810,item:268091,0.0,4867200.0,49845.30612
480,SDC-1450,item:773474,0.0,19200000.0,18392214.0
481,M-1430,item:268967,0.0,2156000.0,18398.142885
481,M-1810,item:268091,0.0,4867200.0,49845.30612
481,SDC-1450,item:773474,0.0,19200000.0,18392214.0
482,M-1430,item:268967,0.0,2156000.0,18398.142885
482,M-1810,item:268091,0.0,4867200.0,49845.30612
482,SDC-1450,item:773474,0.0,19200000.0,18392214.0
483,M-1430,item:268967,0.0,2156000.0,18398.142885
483,M-1810,item:268091,0.0,4867200.0,49845.30612
483,SDC-1450,item:773474,0.0,19200000.0,18392214.0
484,M-1430,item:268967,0.0,2156000.0,18398.142885
484,M-1810,item:268091,0.0,4867200.0,49845.30612
484,SDC-1450,item:773474,0.0,19200000.0,18392214.0
485,M-1430,item:268967,0.0,2156000.0,18398.142885
485,M-1810,item:268091,0.0,4867200.0,49845.30612
485,SDC-1450,item:773474,0.0,19200000.0,18392214.0
486,M-1430,item:268967,0.0,2156000.0,18398.142885
486,M-1810,item:268091,0.0,4867200.0,49845.30612
486,SDC-1450,item:773474,0.0,19200000.0,18392214.0
487,M-1430,item:268967,0.0,2156000.0,18398.142885
487,M-1810,item:268091,0.0,4867200.0,49845.30612
487,SDC-1450,item:773474,0.0,19200000.0,18392214.0
488,M-1430,item:268967,0.0,2156000.0,18398.142885
488,M-1810,item:268091,0.0,4867200.0,49845.30612
488,SDC-1450,item:773474,0.0,19200000.0,18392214.0
489,M-1430,item:268967,0.0,2156000.0,18398.142885
489,M-1810,item:268091,0.0,4867200.0,49845.30612
489,SDC-1450,item:773474,0.0,19200000.0,18392214.0
490,M-1430,item:268967,0.0,2156000.0,18398.142885
490,M-1810,item:268091,0.0,4867200.0,49845.30612
490,SDC-1450,item:773474,0.0,19200000.0,18392214.0
491,M-1430,item:268967,0.0,2156000.0,18398.142885
491,M-1810,item:268091,0.0,4867200.0,49845.30612
491,SDC-1450,item:773474,0.0,19200000.0,18392214.0
492,M-1430,item:268967,0.0,2156000.0,18398.142885
492,M-1810,item:268091,0.0,4867200.0,49845.30612
492,SDC-1450,item:773474,0.0,19200000.0,18392214.0
493,M-1430,item:268967,0.0,2156000.0,18398.142885
493,M-1810,item:268091,0.0,4867200.0,47897.714273
493,SDC-1450,item:773474,0.0,19200000.0,18392214.0
494,M-1430,item:268967,0.0,2156000.0,18398.142885
494,M-1810,item:268091,0.0,4867200.0,30923.102028
494,SDC-1450,item:773474,0.0,19200000.0,18392214.0
495,M-1430,item:268967,0.0,2156000.0,18398.142885
495,M-1810,item:268091,14400.0,4881600.0,14400.0
495,SDC-1450,item:773474,0.0,19200000.0,18392214.0
496,M-1430,item:268967,0.0,2156000.0,18398.142885
496,M-1810,item:268091,14400.0,4896000.0,23273.469376
496,SDC-1450,item:773474,0.0,19200000.0,18392214.0
497,M-1430,item:268967,0.0,2156000.0,18398.142885
497,M-1810,item:268091,14400.0,4910400.0,14400.0
497,SDC-1450,item:773474,0.0,19200000.0,18392214.0
498,M-1430,item:268967,0.0,2156000.0,18398.142885
498,M-1810,item:268091,14400.0,4924800.0,14400.0
498,SDC-1450,item:773474,0.0,19200000.0,18392214.0
499,M-1430,item:268967,0.0,2156000.0,18398.142885
499,M-1810,item:268091,14400.0,4939200.0,14400.0
499,SDC-1450,item:773474,0.0,19200000.0,18392214.0
500,M-1430,item:268967,0.0,2156000.0,18398.142885
500,M-1810,item:268091,14400.0,4953600.0,14400.0
500,SDC-1450,item:773474,0.0,19200000.0,18392214.0
501,M-1430,item:268967,0.0,2156000.0,18398.142885
501,M-1810,item:268091,14400.0,4968000.0,14400.0
501,SDC-1450,item:773474,0.0,19200000.0,18392214.0
502,M-1430,item:268967,0.0,2156000.0,18398.142885
502,M-1810,item:268091,14400.0,4982400.0,14400.0
502,SDC-1450,item:773474,0.0,19200000.0,18392214.0
503,M-1430,item:268967,0.0,2156000.0,18398.142885
503,M-1810,item:268091,14400.0,4996800.0,14400.0
503,SDC-1450,item:773474,0.0,19200000.0,18392214.0
504,M-1430,item:268967,0.0,2156000.0,18398.142885
504,M-1810,item:268091,14400.0,5011200.0,14400.0
504,SDC-1450,item:773474,0.0,19200000.0,18392214.0
505,M-1430,item:268967,0.0,2156000.0,18398.142885
505,M-1810,item:268091,14400.0,5025600.0,14400.0
505,SDC-1450,item:773474,0.0,19200000.0,18392214.0
506,M-1430,item:268967,0.0,2156000.0,18210.00003
506,M-1810,item:268091,14400.0,5040000.0,14400.0
506,SDC-1450,item:773474,0.0,19200000.0,18392214.0
507,M-1430,item:268967,0.0,2156000.0,10442.571461
507,M-1810,item:268091,14400.0,5054400.0,14400.0
507,SDC-1450,item:773474,0.0,19200000.0,18392214.0
508,M-1430,item:268967,107800.0,2263800.0,110663.285747
508,M-1810,item:268091,14400.0,5068800.0,14400.0
508,SDC-1450,item:773474,0.0,19200000.0,18392214.0
509,M-1430,item:268967,0.0,2263800.0,110663.285747
509,M-1810,item:268091,14400.0,5083200.0,16531.591823
509,SDC-1450,item:773474,0.0,19200000.0,17351436.0
510,M-1430,item:268967,0.0,2263800.0,110663.285747
510,M-1810,item:268091,14400.0,5097600.0,20826.918341
510,SDC-1450,item:773474,0.0,19200000.0,17351436.0
511,M-1430,item:268967,0.0,2263800.0,110663.285747
511,M-1810,item:268091,14400.0,5112000.0,25042.061199
511,SDC-1450,item:773474,0.0,19200000.0,17351436.0
512,M-1430,item:268967,0.0,2263800.0,110663.285747
512,M-1810,item:268091,14400.0,5126400.0,37085.816314
512,SDC-1450,item:773474,0.0,19200000.0,17351436.0
513,M-1430,item:268967,0.0,2263800.0,110663.285747
513,M-1810,item:268091,14400.0,5140800.0,36556.326533
513,SDC-1450,item:773474,0.0,19200000.0,17351436.0
514,M-1430,item:268967,0.0,2263800.0,110663.285747
514,M-1810,item:268091,14400.0,5155200.0,23341.265323
514,SDC-1450,item:773474,0.0,19200000.0,17351436.0
515,M-1430,item:268967,0.0,2263800.0,110663.285747
515,M-1810,item:268091,14400.0,5169600.0,20307.306127
515,SDC-1450,item:773474,0.0,19200000.0,17351436.0
516,M-1430,item:268967,0.0,2263800.0,110663.285747
516,M-1810,item:268091,14400.0,5184000.0,34707.306127
516,SDC-1450,item:773474,0.0,19200000.0,17351436.0
517,M-1430,item:268967,0.0,2263800.0,110663.285747
517,M-1810,item:268091,14400.0,5198400.0,49107.306127
517,SDC-1450,item:773474,0.0,19200000.0,17351436.0
518,M-1430,item:268967,0.0,2263800.0,110663.285747
518,M-1810,item:268091,0.0,5198400.0,49107.306127
518,SDC-1450,item:773474,0.0,19200000.0,17351436.0
519,M-1430,item:268967,0.0,2263800.0,110663.285747
519,M-1810,item:268091,0.0,5198400.0,49107.306127
519,SDC-1450,item:773474,0.0,19200000.0,17351436.0
520,M-1430,item:268967,0.0,2263800.0,110663.285747
520,M-1810,item:268091,0.0,5198400.0,45207.571424
520,SDC-1450,item:773474,0.0,19200000.0,17351436.0
521,M-1430,item:268967,0.0,2263800.0,110663.285747
521,M-1810,item:268091,0.0,5198400.0,39706.285711
521,SDC-1450,item:773474,0.0,19200000.0,17351436.0
522,M-1430,item:268967,0.0,2263800.0,110663.285747
522,M-1810,item:268091,14400.0,5212800.0,44260.224487
522,SDC-1450,item:773474,0.0,19200000.0,17351436.0
523,M-1430,item:268967,0.0,2263800.0,110663.285747
523,M-1810,item:268091,14400.0,5227200.0,44795.897956
523,SDC-1450,item:773474,0.0,19200000.0,17351436.0
524,M-1430,item:268967,0.0,2263800.0,110663.285747
524,M-1810,item:268091,14400.0,5241600.0,41639.816322
524,SDC-1450,item:773474,0.0,19200000.0,17351436.0
525,M-1430,item:268967,0.0,2263800.0,110663.285747
525,M-1810,item:268091,0.0,5241600.0,36065.836726
525,SDC-1450,item:773474,0.0,19200000.0,17351436.0
526,M-1430,item:268967,0.0,2263800.0,110663.285747
526,M-1810,item:268091,0.0,5241600.0,36065.836726
526,SDC-1450,item:773474,0.0,19200000.0,17351436.0
527,M-1430,item:268967,0.0,2263800.0,110663.285747
527,M-1810,item:268091,0.0,5241600.0,36065.836726
527,SDC-1450,item:773474,0.0,19200000.0,17351436.0
528,M-1430,item:268967,0.0,2263800.0,105606.285744
528,M-1810,item:268091,0.0,5241600.0,36065.836726
528,SDC-1450,item:773474,0.0,19200000.0,17351436.0
529,M-1430,item:268967,0.0,2263800.0,52927.142884
529,M-1810,item:268091,0.0,5241600.0,36065.836726
529,SDC-1450,item:773474,0.0,19200000.0,17351436.0
530,M-1430,item:268967,107800.0,2371600.0,107800.0
530,M-1810,item:268091,14400.0,5256000.0,42461.306113
530,SDC-1450,item:773474,0.0,19200000.0,17351436.0
531,M-1430,item:268967,107800.0,2479400.0,116436.714289
531,M-1810,item:268091,14400.0,5270400.0,32371.938766
531,SDC-1450,item:773474,0.0,19200000.0,16310657.0
532,M-1430,item:268967,107800.0,2587200.0,121402.428605
532,M-1810,item:268091,14400.0,5284800.0,14400.0
532,SDC-1450,item:773474,3200000.0,22400000.0,17429100.0
533,M-1430,item:268967,107800.0,2695000.0,165941.285774
533,M-1810,item:268091,14400.0,5299200.0,14400.0
533,SDC-1450,item:773474,3200000.0,25600000.0,17506764.0
534,M-1430,item:268967,0.0,2695000.0,142932.285771
534,M-1810,item:268091,14400.0,5313600.0,16359.14285
534,SDC-1450,item:773474,3200000.0,28800000.0,16543649.0
535,M-1430,item:268967,0.0,2695000.0,140619.285745
535,M-1810,item:268091,14400.0,5328000.0,14400.0
535,SDC-1450,item:773474,0.0,28800000.0,16543649.0
536,M-1430,item:268967,0.0,2695000.0,138306.285718
536,M-1810,item:268091,14400.0,5342400.0,14400.0
536,SDC-1450,item:773474,0.0,28800000.0,16543649.0
537,M-1430,item:268967,0.0,2695000.0,138306.285718
537,M-1810,item:268091,14400.0,5356800.0,14400.0
537,SDC-1450,item:773474,0.0,28800000.0,16543649.0
538,M-1430,item:268967,0.0,2695000.0,138306.285718
538,M-1810,item:268091,14400.0,5371200.0,14400.0
538,SDC-1450,item:773474,0.0,28800000.0,16543649.0
539,M-1430,item:268967,0.0,2695000.0,138306.285718
539,M-1810,item:268091,14400.0,5385600.0,16636.020405
539,SDC-1450,item:773474,0.0,28800000.0,16543649.0
540,M-1430,item:268967,0.0,2695000.0,138306.285718
540,M-1810,item:268091,14400.0,5400000.0,14400.0
540,SDC-1450,item:773474,0.0,28800000.0,16543649.0
541,M-1430,item:268967,0.0,2695000.0,138306.285718
541,M-1810,item:268091,14400.0,5414400.0,14400.0
541,SDC-1450,item:773474,0.0,28800000.0,16543649.0
542,M-1430,item:268967,0.0,2695000.0,138306.285718
542,M-1810,item:268091,14400.0,5428800.0,14400.0
542,SDC-1450,item:773474,0.0,28800000.0,16543649.0
543,M-1430,item:268967,0.0,2695000.0,138306.285718
543,M-1810,item:268091,14400.0,5443200.0,14400.0
543,SDC-1450,item:773474,0.0,28800000.0,16543649.0
544,M-1430,item:268967,0.0,2695000.0,138306.285718
544,M-1810,item:268091,14400.0,5457600.0,14400.0
544,SDC-1450,item:773474,0.0,28800000.0,16543649.0
545,M-1430,item:268967,0.0,2695000.0,138306.285718
545,M-1810,item:268091,14400.0,5472000.0,14400.0
545,SDC-1450,item:773474,0.0,28800000.0,16543649.0
546,M-1430,item:268967,0.0,2695000.0,138306.285718
546,M-1810,item:268091,14400.0,5486400.0,23529.795912
546,SDC-1450,item:773474,0.0,28800000.0,16543649.0
547,M-1430,item:268967,0.0,2695000.0,138306.285718
547,M-1810,item:268091,14400.0,5500800.0,37929.795912
547,SDC-1450,item:773474,0.0,28800000.0,16543649.0
548,M-1430,item:268967,0.0,2695000.0,138306.285718
548,M-1810,item:268091,14400.0,5515200.0,52329.795912
548,SDC-1450,item:773474,0.0,28800000.0,16543649.0
549,M-1430,item:268967,0.0,2695000.0,138306.285718
549,M-1810,item:268091,0.0,5515200.0,52329.795912
549,SDC-1450,item:773474,0.0,28800000.0,16543649.0
550,M-1430,item:268967,0.0,2695000.0,138306.285718
550,M-1810,item:268091,0.0,5515200.0,52329.795912
550,SDC-1450,item:773474,0.0,28800000.0,16543649.0
551,M-1430,item:268967,0.0,2695000.0,138306.285718
551,M-1810,item:268091,0.0,5515200.0,52329.795912
551,SDC-1450,item:773474,0.0,28800000.0,16543649.0
552,M-1430,item:268967,0.0,2695000.0,138306.285718
552,M-1810,item:268091,0.0,5515200.0,41839.591824
552,SDC-1450,item:773474,0.0,28800000.0,16543649.0
553,M-1430,item:268967,0.0,2695000.0,138306.285718
553,M-1810,item:268091,14400.0,5529600.0,32591.163246
553,SDC-1450,item:773474,0.0,28800000.0,16543649.0
554,M-1430,item:268967,0.0,2695000.0,138306.285718
554,M-1810,item:268091,14400.0,5544000.0,20436.122429
554,SDC-1450,item:773474,0.0,28800000.0,16543649.0
555,M-1430,item:268967,0.0,2695000.0,138306.285718
555,M-1810,item:268091,14400.0,5558400.0,18294.102028
555,SDC-1450,item:773474,0.0,28800000.0,16543649.0
556,M-1430,item:268967,0.0,2695000.0,138306.285718
556,M-1810,item:268091,14400.0,5572800.0,28833.122442
556,SDC-1450,item:773474,0.0,28800000.0,16543649.0
557,M-1430,item:268967,0.0,2695000.0,138306.285718
557,M-1810,item:268091,14400.0,5587200.0,43233.122442
557,SDC-1450,item:773474,0.0,28800000.0,16543649.0
558,M-1430,item:268967,0.0,2695000.0,138306.285718
558,M-1810,item:268091,0.0,5587200.0,43233.122442
558,SDC-1450,item:773474,0.0,28800000.0,16543649.0
559,M-1430,item:268967,0.0,2695000.0,138306.285718
559,M-1810,item:268091,0.0,5587200.0,43233.122442
559,SDC-1450,item:773474,0.0,28800000.0,16543649.0
560,M-1430,item:268967,0.0,2695000.0,138306.285718
560,M-1810,item:268091,0.0,5587200.0,43233.122442
560,SDC-1450,item:773474,0.0,28800000.0,16543649.0
561,M-1430,item:268967,0.0,2695000.0,138306.285718
561,M-1810,item:268091,0.0,5587200.0,43233.122442
561,SDC-1450,item:773474,0.0,28800000.0,16543649.0
562,M-1430,item:268967,0.0,2695000.0,138306.285718
562,M-1810,item:268091,0.0,5587200.0,43233.122442
562,SDC-1450,item:773474,0.0,28800000.0,16543649.0
563,M-1430,item:268967,0.0,2695000.0,138306.285718
563,M-1810,item:268091,0.0,5587200.0,43233.122442
563,SDC-1450,item:773474,0.0,28800000.0,16543649.0
564,M-1430,item:268967,0.0,2695000.0,138306.285718
564,M-1810,item:268091,14400.0,5601600.0,38860.714281
564,SDC-1450,item:773474,0.0,28800000.0,16543649.0
565,M-1430,item:268967,0.0,2695000.0,138306.285718
565,M-1810,item:268091,14400.0,5616000.0,14400.0
565,SDC-1450,item:773474,0.0,28800000.0,16543649.0
566,M-1430,item:268967,0.0,2695000.0,138306.285718
566,M-1810,item:268091,14400.0,5630400.0,14400.0
566,SDC-1450,item:773474,0.0,28800000.0,16543649.0
567,M-1430,item:268967,0.0,2695000.0,138306.285718
567,M-1810,item:268091,14400.0,5644800.0,14400.0
567,SDC-1450,item:773474,0.0,28800000.0,16543649.0
568,M-1430,item:268967,0.0,2695000.0,138306.285718
568,M-1810,item:268091,14400.0,5659200.0,14400.0
568,SDC-1450,item:773474,0.0,28800000.0,16543649.0
569,M-1430,item:268967,0.0,2695000.0,138306.285718
569,M-1810,item:268091,14400.0,5673600.0,14400.0
569,SDC-1450,item:773474,0.0,28800000.0,16543649.0
570,M-1430,item:268967,0.0,2695000.0,138306.285718
570,M-1810,item:268091,14400.0,5688000.0,14400.0
570,SDC-1450,item:773474,0.0,28800000.0,16543649.0
571,M-1430,item:268967,0.0,2695000.0,138306.285718
571,M-1810,item:268091,14400.0,5702400.0,14400.0
571,SDC-1450,item:773474,0.0,28800000.0,16543649.0
572,M-1430,item:268967,0.0,2695000.0,135718.612281
572,M-1810,item:268091,14400.0,5716800.0,14400.0
572,SDC-1450,item:773474,0.0,28800000.0,16543649.0
573,M-1430,item:268967,0.0,2695000.0,126919.97966
573,M-1810,item:268091,14400.0,5731200.0,14400.0
573,SDC-1450,item:773474,0.0,28800000.0,16543649.0
574,M-1430,item:268967,0.0,2695000.0,114760.265373
574,M-1810,item:268091,14400.0,5745600.0,14400.0
574,SDC-1450,item:773474,0.0,28800000.0,16543649.0
575,M-1430,item:268967,0.0,2695000.0,96914.000065
575,M-1810,item:268091,14400.0,5760000.0,18649.673465
575,SDC-1450,item:773474,0.0,28800000.0,16543649.0
576,M-1430,item:268967,0.0,2695000.0,94601.734725
576,M-1810,item:268091,14400.0,5774400.0,33049.673465
576,SDC-1450,item:773474,0.0,28800000.0,16543649.0
577,M-1430,item:268967,0.0,2695000.0,94601.734725
577,M-1810,item:268091,0.0,5774400.0,33049.673465
577,SDC-1450,item:773474,0.0,28800000.0,16543649.0
578,M-1430,item:268967,0.0,2695000.0,94601.734725
578,M-1810,item:268091,0.0,5774400.0,33049.673465
578,SDC-1450,item:773474,0.0,28800000.0,16543649.0
579,M-1430,item:268967,0.0,2695000.0,94601.734725
579,M-1810,item:268091,0.0,5774400.0,33049.673465
579,SDC-1450,item:773474,0.0,28800000.0,16543649.0
580,M-1430,item:268967,0.0,2695000.0,94601.734725
580,M-1810,item:268091,0.0,5774400.0,33049.673465
580,SDC-1450,item:773474,0.0,28800000.0,16543649.0
581,M-1430,item:268967,0.0,2695000.0,94601.734725
581,M-1810,item:268091,0.0,5774400.0,33049.673465
581,SDC-1450,item:773474,0.0,28800000.0,16543649.0
582,M-1430,item:268967,0.0,2695000.0,94601.734725
582,M-1810,item:268091,0.0,5774400.0,33049.673465
582,SDC-1450,item:773474,0.0,28800000.0,16543649.0
583,M-1430,item:268967,0.0,2695000.0,94601.734725
583,M-1810,item:268091,0.0,5774400.0,33049.673465
583,SDC-1450,item:773474,0.0,28800000.0,16543649.0
584,M-1430,item:268967,0.0,2695000.0,94601.734725
584,M-1810,item:268091,0.0,5774400.0,33049.673465
584,SDC-1450,item:773474,0.0,28800000.0,16543649.0
585,M-1430,item:268967,0.0,2695000.0,94601.734725
585,M-1810,item:268091,0.0,5774400.0,33049.673465
585,SDC-1450,item:773474,0.0,28800000.0,16543649.0
586,M-1430,item:268967,0.0,2695000.0,94601.734725
586,M-1810,item:268091,0.0,5774400.0,33049.673465
586,SDC-1450,item:773474,0.0,28800000.0,16543649.0
587,M-1430,item:268967,0.0,2695000.0,94601.734725
587,M-1810,item:268091,0.0,5774400.0,33049.673465
587,SDC-1450,item:773474,0.0,28800000.0,16543649.0
588,M-1430,item:268967,0.0,2695000.0,94601.734725
588,M-1810,item:268091,0.0,5774400.0,33049.673465
588,SDC-1450,item:773474,0.0,28800000.0,16543649.0
589,M-1430,item:268967,0.0,2695000.0,94601.734725
589,M-1810,item:268091,0.0,5774400.0,33049.673465
589,SDC-1450,item:773474,0.0,28800000.0,16543649.0
590,M-1430,item:268967,0.0,2695000.0,94601.734725
590,M-1810,item:268091,0.0,5774400.0,33049.673465
590,SDC-1450,item:773474,0.0,28800000.0,16543649.0
591,M-1430,item:268967,0.0,2695000.0,94601.734725
591,M-1810,item:268091,0.0,5774400.0,33049.673465
591,SDC-1450,item:773474,0.0,28800000.0,16543649.0
592,M-1430,item:268967,0.0,2695000.0,94601.734725
592,M-1810,item:268091,0.0,5774400.0,33049.673465
592,SDC-1450,item:773474,0.0,28800000.0,16543649.0
593,M-1430,item:268967,0.0,2695000.0,94601.734725
593,M-1810,item:268091,0.0,5774400.0,30379.734682
593,SDC-1450,item:773474,0.0,28800000.0,16543649.0
594,M-1430,item:268967,0.0,2695000.0,94601.734725
594,M-1810,item:268091,0.0,5774400.0,22125.387737
594,SDC-1450,item:773474,0.0,28800000.0,16543649.0
595,M-1430,item:268967,0.0,2695000.0,94601.734725
595,M-1810,item:268091,14400.0,5788800.0,25329.244881
595,SDC-1450,item:773474,0.0,28800000.0,16543649.0
596,M-1430,item:268967,0.0,2695000.0,94601.734725
596,M-1810,item:268091,0.0,5788800.0,25329.244881
596,SDC-1450,item:773474,0.0,28800000.0,16543649.0
597,M-1430,item:268967,0.0,2695000.0,94601.734725
597,M-1810,item:268091,14400.0,5803200.0,36678.142848
597,SDC-1450,item:773474,0.0,28800000.0,16543649.0
598,M-1430,item:268967,0.0,2695000.0,94601.734725
598,M-1810,item:268091,0.0,5803200.0,30984.428563
598,SDC-1450,item:773474,0.0,28800000.0,16543649.0
599,M-1430,item:268967,0.0,2695000.0,94601.734725
599,M-1810,item:268091,14400.0,5817600.0,21595.897951
599,SDC-1450,item:773474,0.0,28800000.0,16543649.0
600,M-1430,item:268967,0.0,2695000.0,88125.449018
600,M-1810,item:268091,14400.0,5832000.0,14400.0
600,SDC-1450,item:773474,0.0,28800000.0,16543649.0
601,M-1430,item:268967,0.0,2695000.0,59538.469431
601,M-1810,item:268091,14400.0,5846400.0,14400.0
601,SDC-1450,item:773474,0.0,28800000.0,16543649.0
602,M-1430,item:268967,107800.0,2802800.0,122016.183714
602,M-1810,item:268091,14400.0,5860800.0,14400.0
602,SDC-1450,item:773474,0.0,28800000.0,16543649.0
603,M-1430,item:268967,0.0,2802800.0,80968.387786
603,M-1810,item:268091,14400.0,5875200.0,14400.0
603,SDC-1450,item:773474,0.0,28800000.0,16543649.0
604,M-1430,item:268967,0.0,2802800.0,59829.489819
604,M-1810,item:268091,14400.0,5889600.0,14400.0
604,SDC-1450,item:773474,0.0,28800000.0,16543649.0
605,M-1430,item:268967,0.0,2802800.0,53224.102063
605,M-1810,item:268091,14400.0,5904000.0,14400.0
605,SDC-1450,item:773474,0.0,28800000.0,16543649.0
606,M-1430,item:268967,0.0,2802800.0,53224.102063
606,M-1810,item:268091,14400.0,5918400.0,14400.0
606,SDC-1450,item:773474,0.0,28800000.0,16543649.0
607,M-1430,item:268967,0.0,2802800.0,53224.102063
607,M-1810,item:268091,14400.0,5932800.0,14400.0
607,SDC-1450,item:773474,0.0,28800000.0,16543649.0
608,M-1430,item:268967,0.0,2802800.0,53224.102063
608,M-1810,item:268091,14400.0,5947200.0,14400.0
608,SDC-1450,item:773474,0.0,28800000.0,16543649.0
609,M-1430,item:268967,0.0,2802800.0,53224.102063
609,M-1810,item:268091,14400.0,5961600.0,14400.0
609,SDC-1450,item:773474,0.0,28800000.0,16543649.0
610,M-1430,item:268967,0.0,2802800.0,53224.102063
610,M-1810,item:268091,14400.0,5976000.0,14400.0
610,SDC-1450,item:773474,0.0,28800000.0,16543649.0
611,M-1430,item:268967,0.0,2802800.0,53224.102063
611,M-1810,item:268091,14400.0,5990400.0,17855.285703
611,SDC-1450,item:773474,0.0,28800000.0,16543649.0
612,M-1430,item:268967,0.0,2802800.0,53224.102063
612,M-1810,item:268091,14400.0,6004800.0,29692.285692
612,SDC-1450,item:773474,0.0,28800000.0,16543649.0
613,M-1430,item:268967,0.0,2802800.0,53224.102063
613,M-1810,item:268091,14400.0,6019200.0,43879.693856
613,SDC-1450,item:773474,0.0,28800000.0,16543649.0
614,M-1430,item:268967,0.0,2802800.0,53224.102063
614,M-1810,item:268091,14400.0,6033600.0,52097.7755
614,SDC-1450,item:773474,0.0,28800000.0,16543649.0
615,M-1430,item:268967,0.0,2802800.0,53224.102063
615,M-1810,item:268091,0.0,6033600.0,37658.102043
615,SDC-1450,item:773474,0.0,28800000.0,16543649.0
616,M-1430,item:268967,0.0,2802800.0,53224.102063
616,M-1810,item:268091,14400.0,6048000.0,29210.061238
616,SDC-1450,item:773474,0.0,28800000.0,16543649.0
617,M-1430,item:268967,0.0,2802800.0,53224.102063
617,M-1810,item:268091,14400.0,6062400.0,43610.061238
617,SDC-1450,item:773474,0.0,28800000.0,16543649.0
618,M-1430,item:268967,0.0,2802800.0,53224.102063
618,M-1810,item:268091,0.0,6062400.0,43610.061238
618,SDC-1450,item:773474,0.0,28800000.0,16543649.0
619,M-1430,item:268967,0.0,2802800.0,53224.102063
619,M-1810,item:268091,0.0,6062400.0,39378.428563
619,SDC-1450,item:773474,0.0,28800000.0,16543649.0
620,M-1430,item:268967,0.0,2802800.0,53224.102063
620,M-1810,item:268091,14400.0,6076800.0,38212.77548
620,SDC-1450,item:773474,0.0,28800000.0,16543649.0
621,M-1430,item:268967,0.0,2802800.0,53224.102063
621,M-1810,item:268091,14400.0,6091200.0,29795.142828
621,SDC-1450,item:773474,0.0,28800000.0,16543649.0
622,M-1430,item:268967,0.0,2802800.0,53224.102063
622,M-1810,item:268091,14400.0,6105600.0,25309.959178
622,SDC-1450,item:773474,0.0,28800000.0,16543649.0
623,M-1430,item:268967,0.0,2802800.0,53224.102063
623,M-1810,item:268091,14400.0,6120000.0,14400.0
623,SDC-1450,item:773474,0.0,28800000.0,16543649.0
624,M-1430,item:268967,0.0,2802800.0,53224.102063
624,M-1810,item:268091,14400.0,6134400.0,14400.0
624,SDC-1450,item:773474,0.0,28800000.0,16543649.0
625,M-1430,item:268967,0.0,2802800.0,53224.102063
625,M-1810,item:268091,14400.0,6148800.0,18312.795914
625,SDC-1450,item:773474,0.0,28800000.0,16543649.0
626,M-1430,item:268967,0.0,2802800.0,53224.102063
626,M-1810,item:268091,14400.0,6163200.0,32712.795914
626,SDC-1450,item:773474,0.0,28800000.0,16543649.0
627,M-1430,item:268967,0.0,2802800.0,53224.102063
627,M-1810,item:268091,14400.0,6177600.0,47112.795914
627,SDC-1450,item:773474,0.0,28800000.0,16543649.0
628,M-1430,item:268967,0.0,2802800.0,53224.102063
628,M-1810,item:268091,14400.0,6192000.0,52655.775505
628,SDC-1450,item:773474,0.0,28800000.0,16543649.0
629,M-1430,item:268967,0.0,2802800.0,53224.102063
629,M-1810,item:268091,14400.0,6206400.0,40620.673464
629,SDC-1450,item:773474,0.0,28800000.0,16543649.0
630,M-1430,item:268967,0.0,2802800.0,53224.102063
630,M-1810,item:268091,14400.0,6220800.0,19426.816321
630,SDC-1450,item:773474,0.0,28800000.0,16543649.0
631,M-1430,item:268967,0.0,2802800.0,53224.102063
631,M-1810,item:268091,14400.0,6235200.0,14400.0
631,SDC-1450,item:773474,0.0,28800000.0,16543649.0
632,M-1430,item:268967,0.0,2802800.0,46889.714323
632,M-1810,item:268091,14400.0,6249600.0,28800.0
632,SDC-1450,item:773474,0.0,28800000.0,16543649.0
633,M-1430,item:268967,0.0,2802800.0,29029.755157
633,M-1810,item:268091,14400.0,6264000.0,32388.428566
633,SDC-1450,item:773474,0.0,28800000.0,16543649.0
634,M-1430,item:268967,107800.0,2910600.0,125304.18373
634,M-1810,item:268091,14400.0,6278400.0,34363.367335
634,SDC-1450,item:773474,0.0,28800000.0,16543649.0
635,M-1430,item:268967,0.0,2910600.0,125304.18373
635,M-1810,item:268091,14400.0,6292800.0,46308.897945
635,SDC-1450,item:773474,0.0,28800000.0,16543649.0
636,M-1430,item:268967,0.0,2910600.0,125304.18373
636,M-1810,item:268091,0.0,6292800.0,43785.959166
636,SDC-1450,item:773474,0.0,28800000.0,16543649.0
637,M-1430,item:268967,0.0,2910600.0,125304.18373
637,M-1810,item:268091,0.0,6292800.0,43717.489777
637,SDC-1450,item:773474,0.0,28800000.0,16543649.0
638,M-1430,item:268967,0.0,2910600.0,125304.18373
638,M-1810,item:268091,0.0,6292800.0,43717.489777
638,SDC-1450,item:773474,0.0,28800000.0,16543649.0
639,M-1430,item:268967,0.0,2910600.0,125304.18373
639,M-1810,item:268091,0.0,6292800.0,43717.489777
639,SDC-1450,item:773474,0.0,28800000.0,16543649.0
640,M-1430,item:268967,0.0,2910600.0,125304.18373
640,M-1810,item:268091,0.0,6292800.0,43717.489777
640,SDC-1450,item:773474,0.0,28800000.0,16543649.0
641,M-1430,item:268967,0.0,2910600.0,125304.18373
641,M-1810,item:268091,0.0,6292800.0,43717.489777
641,SDC-1450,item:773474,0.0,28800000.0,16543649.0
642,M-1430,item:268967,0.0,2910600.0,125304.18373
642,M-1810,item:268091,0.0,6292800.0,43717.489777
642,SDC-1450,item:773474,0.0,28800000.0,16543649.0
643,M-1430,item:268967,0.0,2910600.0,125304.18373
643,M-1810,item:268091,14400.0,6307200.0,47252.897945
643,SDC-1450,item:773474,0.0,28800000.0,16543649.0
644,M-1430,item:268967,0.0,2910600.0,125304.18373
644,M-1810,item:268091,14400.0,6321600.0,39288.57142
644,SDC-1450,item:773474,0.0,28800000.0,16543649.0
645,M-1430,item:268967,0.0,2910600.0,125304.18373
645,M-1810,item:268091,14400.0,6336000.0,30483.204073
645,SDC-1450,item:773474,0.0,28800000.0,16543649.0
646,M-1430,item:268967,0.0,2910600.0,125304.18373
646,M-1810,item:268091,14400.0,6350400.0,14400.0
646,SDC-1450,item:773474,0.0,28800000.0,16543649.0
647,M-1430,item:268967,0.0,2910600.0,124368.1429
647,M-1810,item:268091,14400.0,6364800.0,28800.0
647,SDC-1450,item:773474,0.0,28800000.0,16543649.0
648,M-1430,item:268967,0.0,2910600.0,118201.224519
648,M-1810,item:268091,14400.0,6379200.0,43200.0
648,SDC-1450,item:773474,0.0,28800000.0,16543649.0
649,M-1430,item:268967,0.0,2910600.0,107657.306148
649,M-1810,item:268091,0.0,6379200.0,43200.0
649,SDC-1450,item:773474,0.0,28800000.0,16543649.0
650,M-1430,item:268967,0.0,2910600.0,91718.183695
650,M-1810,item:268091,14400.0,6393600.0,51447.38774
650,SDC-1450,item:773474,0.0,28800000.0,16543649.0
651,M-1430,item:268967,0.0,2910600.0,87012.530645
651,M-1810,item:268091,14400.0,6408000.0,47734.938745
651,SDC-1450,item:773474,0.0,28800000.0,16543649.0
652,M-1430,item:268967,0.0,2910600.0,87012.530645
652,M-1810,item:268091,14400.0,6422400.0,38063.877518
652,SDC-1450,item:773474,0.0,28800000.0,16543649.0
653,M-1430,item:268967,0.0,2910600.0,87012.530645
653,M-1810,item:268091,14400.0,6436800.0,34242.653042
653,SDC-1450,item:773474,0.0,28800000.0,16543649.0
654,M-1430,item:268967,0.0,2910600.0,86026.57146
654,M-1810,item:268091,14400.0,6451200.0,42078.48979
654,SDC-1450,item:773474,0.0,28800000.0,16543649.0
655,M-1430,item:268967,0.0,2910600.0,78134.020441
655,M-1810,item:268091,14400.0,6465600.0,55377.306119
655,SDC-1450,item:773474,0.0,28800000.0,16543649.0
656,M-1430,item:268967,0.0,2910600.0,62127.653097
656,M-1810,item:268091,0.0,6465600.0,47917.795904
656,SDC-1450,item:773474,0.0,28800000.0,16543649.0
657,M-1430,item:268967,0.0,2910600.0,45678.755141
657,M-1810,item:268091,14400.0,6480000.0,42872.734668
657,SDC-1450,item:773474,0.0,28800000.0,16543649.0
658,M-1430,item:268967,0.0,2910600.0,36679.877592
658,M-1810,item:268091,14400.0,6494400.0,32036.204057
658,SDC-1450,item:773474,0.0,28800000.0,16543649.0
659,M-1430,item:268967,0.0,2910600.0,35352.285756
659,M-1810,item:268091,14400.0,6508800.0,27229.510193
659,SDC-1450,item:773474,0.0,28800000.0,16543649.0
660,M-1430,item:268967,0.0,2910600.0,25025.816371
660,M-1810,item:268091,14400.0,6523200.0,41629.510193
660,SDC-1450,item:773474,0.0,28800000.0,16543649.0
661,M-1430,item:268967,107800.0,3018400.0,123605.673516
661,M-1810,item:268091,14400.0,6537600.0,53942.857134
661,SDC-1450,item:773474,0.0,28800000.0,16543649.0
662,M-1430,item:268967,0.0,3018400.0,123511.714332
662,M-1810,item:268091,0.0,6537600.0,49153.244891
662,SDC-1450,item:773474,0.0,28800000.0,16543649.0
663,M-1430,item:268967,0.0,3018400.0,122545.612291
663,M-1810,item:268091,0.0,6537600.0,44330.081625
663,SDC-1450,item:773474,0.0,28800000.0,16543649.0
664,M-1430,item:268967,0.0,3018400.0,122545.612291
664,M-1810,item:268091,0.0,6537600.0,44330.081625
664,SDC-1450,item:773474,0.0,28800000.0,16543649.0
665,M-1430,item:268967,0.0,3018400.0,122545.612291
665,M-1810,item:268091,0.0,6537600.0,44330.081625
665,SDC-1450,item:773474,0.0,28800000.0,16543649.0
666,M-1430,item:268967,0.0,3018400.0,122545.612291
666,M-1810,item:268091,0.0,6537600.0,44330.081625
666,SDC-1450,item:773474,0.0,28800000.0,16543649.0
667,M-1430,item:268967,0.0,3018400.0,122545.612291
667,M-1810,item:268091,0.0,6537600.0,44330.081625
667,SDC-1450,item:773474,0.0,28800000.0,16543649.0
668,M-1430,item:268967,0.0,3018400.0,122545.612291
668,M-1810,item:268091,0.0,6537600.0,44330.081625
668,SDC-1450,item:773474,0.0,28800000.0,16543649.0
669,M-1430,item:268967,0.0,3018400.0,120294.285761
669,M-1810,item:268091,14400.0,6552000.0,48341.530601
669,SDC-1450,item:773474,0.0,28800000.0,16543649.0
670,M-1430,item:268967,0.0,3018400.0,105362.673517
670,M-1810,item:268091,14400.0,6566400.0,38637.61223
670,SDC-1450,item:773474,0.0,28800000.0,16543649.0
671,M-1430,item:268967,0.0,3018400.0,79448.673518
671,M-1810,item:268091,14400.0,6580800.0,25209.979578
671,SDC-1450,item:773474,0.0,28800000.0,16543649.0
672,M-1430,item:268967,0.0,3018400.0,54679.142906
672,M-1810,item:268091,14400.0,6595200.0,21377.102033
672,SDC-1450,item:773474,0.0,28800000.0,16543649.0
673,M-1430,item:268967,0.0,3018400.0,41483.040865
673,M-1810,item:268091,14400.0,6609600.0,35777.102033
673,SDC-1450,item:773474,0.0,28800000.0,16543649.0
674,M-1430,item:268967,0.0,3018400.0,38162.469437
674,M-1810,item:268091,14400.0,6624000.0,47795.714278
674,SDC-1450,item:773474,0.0,28800000.0,16543649.0
675,M-1430,item:268967,0.0,3018400.0,32590.571478
675,M-1810,item:268091,14400.0,6638400.0,44114.469381
675,SDC-1450,item:773474,0.0,28800000.0,16543649.0
676,M-1430,item:268967,0.0,3018400.0,30339.244948
676,M-1810,item:268091,14400.0,6652800.0,41256.224484
676,SDC-1450,item:773474,0.0,28800000.0,16543649.0
677,M-1430,item:268967,0.0,3018400.0,30339.244948
677,M-1810,item:268091,14400.0,6667200.0,37411.918361
677,SDC-1450,item:773474,0.0,28800000.0,16543649.0
678,M-1430,item:268967,0.0,3018400.0,30339.244948
678,M-1810,item:268091,0.0,6667200.0,37411.918361
678,SDC-1450,item:773474,0.0,28800000.0,16543649.0
679,M-1430,item:268967,0.0,3018400.0,30339.244948
679,M-1810,item:268091,0.0,6667200.0,37411.918361
679,SDC-1450,item:773474,0.0,28800000.0,16543649.0
680,M-1430,item:268967,0.0,3018400.0,30339.244948
680,M-1810,item:268091,0.0,6667200.0,37411.918361
680,SDC-1450,item:773474,0.0,28800000.0,16543649.0
681,M-1430,item:268967,0.0,3018400.0,30339.244948
681,M-1810,item:268091,0.0,6667200.0,37411.918361
681,SDC-1450,item:773474,0.0,28800000.0,16543649.0
682,M-1430,item:268967,0.0,3018400.0,30339.244948
682,M-1810,item:268091,0.0,6667200.0,37411.918361
682,SDC-1450,item:773474,0.0,28800000.0,16543649.0
683,M-1430,item:268967,0.0,3018400.0,30339.244948
683,M-1810,item:268091,14400.0,6681600.0,51811.918361
683,SDC-1450,item:773474,0.0,28800000.0,16543649.0
684,M-1430,item:268967,0.0,3018400.0,30339.244948
684,M-1810,item:268091,14400.0,6696000.0,53447.489785
684,SDC-1450,item:773474,0.0,28800000.0,16543649.0
685,M-1430,item:268967,0.0,3018400.0,30339.244948
685,M-1810,item:268091,14400.0,6710400.0,27293.26529
685,SDC-1450,item:773474,0.0,28800000.0,16543649.0
686,M-1430,item:268967,0.0,3018400.0,24195.918414
686,M-1810,item:268091,14400.0,6724800.0,14400.0
686,SDC-1450,item:773474,0.0,28800000.0,16543649.0
687,M-1430,item:268967,107800.0,3126200.0,118579.265349
687,M-1810,item:268091,28800.0,6753600.0,28800.0
687,SDC-1450,item:773474,0.0,28800000.0,16543649.0
688,M-1430,item:268967,0.0,3126200.0,103851.91841
688,M-1810,item:268091,28800.0,6782400.0,28800.0
688,SDC-1450,item:773474,0.0,28800000.0,16543649.0
689,M-1430,item:268967,0.0,3126200.0,94906.510249
689,M-1810,item:268091,28800.0,6811200.0,28800.0
689,SDC-1450,item:773474,0.0,28800000.0,16543649.0
690,M-1430,item:268967,0.0,3126200.0,94906.510249
690,M-1810,item:268091,28800.0,6840000.0,28800.0
690,SDC-1450,item:773474,0.0,28800000.0,16543649.0
691,M-1430,item:268967,0.0,3126200.0,91632.102088
691,M-1810,item:268091,28800.0,6868800.0,28800.0
691,SDC-1450,item:773474,0.0,28800000.0,16543649.0
692,M-1430,item:268967,0.0,3126200.0,78979.795969
692,M-1810,item:268091,28800.0,6897600.0,28800.0
692,SDC-1450,item:773474,0.0,28800000.0,16543649.0
693,M-1430,item:268967,0.0,3126200.0,59972.653114
693,M-1810,item:268091,28800.0,6926400.0,32296.510192
693,SDC-1450,item:773474,0.0,28800000.0,16543649.0
694,M-1430,item:268967,0.0,3126200.0,43737.224543
694,M-1810,item:268091,14400.0,6940800.0,32015.63263
694,SDC-1450,item:773474,0.0,28800000.0,16543649.0
695,M-1430,item:268967,0.0,3126200.0,36377.000052
695,M-1810,item:268091,14400.0,6955200.0,38696.40814
695,SDC-1450,item:773474,0.0,28800000.0,16543649.0
696,M-1430,item:268967,0.0,3126200.0,34868.91842
696,M-1810,item:268091,14400.0,6969600.0,26870.897937
696,SDC-1450,item:773474,0.0,28800000.0,16543649.0
697,M-1430,item:268967,0.0,3126200.0,31867.938827
697,M-1810,item:268091,14400.0,6984000.0,41270.897937
697,SDC-1450,item:773474,0.0,28800000.0,16543649.0
698,M-1430,item:268967,0.0,3126200.0,29240.244947
698,M-1810,item:268091,14400.0,6998400.0,55670.897937
698,SDC-1450,item:773474,0.0,28800000.0,16543649.0
699,M-1430,item:268967,0.0,3126200.0,29240.244947
699,M-1810,item:268091,0.0,6998400.0,55670.897937
699,SDC-1450,item:773474,0.0,28800000.0,16543649.0
700,M-1430,item:268967,0.0,3126200.0,29240.244947
700,M-1810,item:268091,0.0,6998400.0,55670.897937
700,SDC-1450,item:773474,0.0,28800000.0,16543649.0
701,M-1430,item:268967,0.0,3126200.0,29240.244947
701,M-1810,item:268091,0.0,6998400.0,55670.897937
701,SDC-1450,item:773474,0.0,28800000.0,16543649.0
702,M-1430,item:268967,0.0,3126200.0,29240.244947
702,M-1810,item:268091,0.0,6998400.0,55670.897937
702,SDC-1450,item:773474,0.0,28800000.0,16543649.0
703,M-1430,item:268967,0.0,3126200.0,29240.244947
703,M-1810,item:268091,0.0,6998400.0,55670.897937
703,SDC-1450,item:773474,0.0,28800000.0,16543649.0
704,M-1430,item:268967,0.0,3126200.0,29240.244947
704,M-1810,item:268091,0.0,6998400.0,55670.897937
704,SDC-1450,item:773474,0.0,28800000.0,16543649.0
705,M-1430,item:268967,0.0,3126200.0,28605.898005
705,M-1810,item:268091,0.0,6998400.0,55435.469378
705,SDC-1450,item:773474,0.0,28800000.0,16543649.0
706,M-1430,item:268967,0.0,3126200.0,22529.306165
706,M-1810,item:268091,0.0,6998400.0,43339.795907
706,SDC-1450,item:773474,0.0,28800000.0,16543649.0
707,M-1430,item:268967,107800.0,3234000.0,119381.020453
707,M-1810,item:268091,14400.0,7012800.0,33415.653048
707,SDC-1450,item:773474,0.0,28800000.0,16543649.0
708,M-1430,item:268967,0.0,3234000.0,108939.489847
708,M-1810,item:268091,14400.0,7027200.0,23225.918353
708,SDC-1450,item:773474,0.0,28800000.0,16543649.0
709,M-1430,item:268967,0.0,3234000.0,108939.489847
709,M-1810,item:268091,14400.0,7041600.0,24866.26529
709,SDC-1450,item:773474,0.0,28800000.0,16543649.0
710,M-1430,item:268967,0.0,3234000.0,108556.714338
710,M-1810,item:268091,14400.0,7056000.0,38469.48978
710,SDC-1450,item:773474,0.0,28800000.0,16543649.0
711,M-1430,item:268967,0.0,3234000.0,98027.204135
711,M-1810,item:268091,14400.0,7070400.0,34298.326515
711,SDC-1450,item:773474,0.0,28800000.0,16543649.0
712,M-1430,item:268967,0.0,3234000.0,77377.571483
712,M-1810,item:268091,14400.0,7084800.0,17643.306108
712,SDC-1450,item:773474,0.0,28800000.0,16543649.0
713,M-1430,item:268967,0.0,3234000.0,56398.38781
713,M-1810,item:268091,28800.0,7113600.0,28800.0
713,SDC-1450,item:773474,0.0,28800000.0,16543649.0
714,M-1430,item:268967,107800.0,3341800.0,132003.979648
714,M-1810,item:268091,28800.0,7142400.0,28800.0
714,SDC-1450,item:773474,0.0,28800000.0,16543649.0
715,M-1430,item:268967,0.0,3341800.0,132003.979648
715,M-1810,item:268091,28800.0,7171200.0,28800.0
715,SDC-1450,item:773474,0.0,28800000.0,16543649.0
716,M-1430,item:268967,0.0,3341800.0,132003.979648
716,M-1810,item:268091,28800.0,7200000.0,28800.0
716,SDC-1450,item:773474,0.0,28800000.0,16543649.0
717,M-1430,item:268967,0.0,3341800.0,132003.979648
717,M-1810,item:268091,28800.0,7228800.0,28800.0
717,SDC-1450,item:773474,0.0,28800000.0,16543649.0
718,M-1430,item:268967,0.0,3341800.0,132003.979648
718,M-1810,item:268091,28800.0,7257600.0,28800.0
718,SDC-1450,item:773474,0.0,28800000.0,16543649.0
719,M-1430,item:268967,0.0,3341800.0,132003.979648
719,M-1810,item:268091,28800.0,7286400.0,28800.0
719,SDC-1450,item:773474,0.0,28800000.0,16543649.0
720,M-1430,item:268967,0.0,3341800.0,132003.979648
720,M-1810,item:268091,28800.0,7315200.0,28800.0
720,SDC-1450,item:773474,0.0,28800000.0,16543649.0
721,M-1430,item:268967,0.0,3341800.0,132003.979648
721,M-1810,item:268091,28800.0,7344000.0,28800.0
721,SDC-1450,item:773474,0.0,28800000.0,16543649.0
722,M-1430,item:268967,0.0,3341800.0,132003.979648
722,M-1810,item:268091,28800.0,7372800.0,35813.102032
722,SDC-1450,item:773474,0.0,28800000.0,16543649.0
723,M-1430,item:268967,0.0,3341800.0,132003.979648
723,M-1810,item:268091,14400.0,7387200.0,17364.81631
723,SDC-1450,item:773474,0.0,28800000.0,16543649.0
724,M-1430,item:268967,0.0,3341800.0,132003.979648
724,M-1810,item:268091,14400.0,7401600.0,31764.81631
724,SDC-1450,item:773474,0.0,28800000.0,16543649.0
725,M-1430,item:268967,0.0,3341800.0,132003.979648
725,M-1810,item:268091,14400.0,7416000.0,46164.81631
725,SDC-1450,item:773474,0.0,28800000.0,16543649.0
726,M-1430,item:268967,0.0,3341800.0,132003.979648
726,M-1810,item:268091,0.0,7416000.0,46164.81631
726,SDC-1450,item:773474,0.0,28800000.0,16543649.0
727,M-1430,item:268967,0.0,3341800.0,132003.979648
727,M-1810,item:268091,0.0,7416000.0,46164.81631
727,SDC-1450,item:773474,0.0,28800000.0,16543649.0
728,M-1430,item:268967,0.0,3341800.0,132003.979648
728,M-1810,item:268091,0.0,7416000.0,46164.81631
728,SDC-1450,item:773474,0.0,28800000.0,16543649.0
729,M-1430,item:268967,0.0,3341800.0,132003.979648
729,M-1810,item:268091,0.0,7416000.0,46164.81631
729,SDC-1450,item:773474,0.0,28800000.0,16543649.0
730,M-1430,item:268967,0.0,3341800.0,132003.979648
730,M-1810,item:268091,0.0,7416000.0,46164.81631
730,SDC-1450,item:773474,0.0,28800000.0,16543649.0
731,M-1430,item:268967,0.0,3341800.0,132003.979648
731,M-1810,item:268091,0.0,7416000.0,46164.81631
731,SDC-1450,item:773474,0.0,28800000.0,16543649.0
732,M-1430,item:268967,0.0,3341800.0,132003.979648
732,M-1810,item:268091,0.0,7416000.0,46164.81631
732,SDC-1450,item:773474,0.0,28800000.0,16543649.0
733,M-1430,item:268967,0.0,3341800.0,132003.979648
733,M-1810,item:268091,0.0,7416000.0,46164.81631
733,SDC-1450,item:773474,0.0,28800000.0,16543649.0
734,M-1430,item:268967,0.0,3341800.0,132003.979648
734,M-1810,item:268091,0.0,7416000.0,46164.81631
734,SDC-1450,item:773474,0.0,28800000.0,16543649.0
735,M-1430,item:268967,0.0,3341800.0,122211.551071
735,M-1810,item:268091,0.0,7416000.0,46164.81631
735,SDC-1450,item:773474,0.0,28800000.0,16543649.0
736,M-1430,item:268967,0.0,3341800.0,100357.775555
736,M-1810,item:268091,0.0,7416000.0,46164.81631
736,SDC-1450,item:773474,0.0,28800000.0,16543649.0
737,M-1430,item:268967,0.0,3341800.0,75707.387799
737,M-1810,item:268091,0.0,7416000.0,46164.81631
737,SDC-1450,item:773474,0.0,28800000.0,16543649.0
738,M-1430,item:268967,0.0,3341800.0,75707.387799
738,M-1810,item:268091,0.0,7416000.0,46164.81631
738,SDC-1450,item:773474,0.0,28800000.0,16543649.0
739,M-1430,item:268967,0.0,3341800.0,70800.000049
739,M-1810,item:268091,0.0,7416000.0,46164.81631
739,SDC-1450,item:773474,0.0,28800000.0,16543649.0
740,M-1430,item:268967,0.0,3341800.0,64107.734747
740,M-1810,item:268091,0.0,7416000.0,46164.81631
740,SDC-1450,item:773474,0.0,28800000.0,16543649.0
741,M-1430,item:268967,0.0,3341800.0,60836.102094
741,M-1810,item:268091,0.0,7416000.0,46164.81631
741,SDC-1450,item:773474,0.0,28800000.0,16543649.0
742,M-1430,item:268967,0.0,3341800.0,56375.836788
742,M-1810,item:268091,0.0,7416000.0,46164.81631
742,SDC-1450,item:773474,0.0,28800000.0,16543649.0
743,M-1430,item:268967,0.0,3341800.0,56375.836788
743,M-1810,item:268091,0.0,7416000.0,46164.81631
743,SDC-1450,item:773474,0.0,28800000.0,16543649.0
744,M-1430,item:268967,0.0,3341800.0,56375.836788
744,M-1810,item:268091,0.0,7416000.0,46164.81631
744,SDC-1450,item:773474,0.0,28800000.0,16543649.0
745,M-1430,item:268967,0.0,3341800.0,56375.836788
745,M-1810,item:268091,0.0,7416000.0,46164.81631
745,SDC-1450,item:773474,0.0,28800000.0,16543649.0
746,M-1430,item:268967,0.0,3341800.0,56375.836788
746,M-1810,item:268091,0.0,7416000.0,46164.81631
746,SDC-1450,item:773474,0.0,28800000.0,16543649.0
747,M-1430,item:268967,0.0,3341800.0,56375.836788
747,M-1810,item:268091,0.0,7416000.0,46164.81631
747,SDC-1450,item:773474,0.0,28800000.0,16543649.0
748,M-1430,item:268967,0.0,3341800.0,56375.836788
748,M-1810,item:268091,0.0,7416000.0,46164.81631
748,SDC-1450,item:773474,0.0,28800000.0,16543649.0
749,M-1430,item:268967,0.0,3341800.0,53848.530659
749,M-1810,item:268091,14400.0,7430400.0,52838.122433
749,SDC-1450,item:773474,0.0,28800000.0,16543649.0
750,M-1430,item:268967,0.0,3341800.0,50350.551066
750,M-1810,item:268091,14400.0,7444800.0,41073.367331
750,SDC-1450,item:773474,0.0,28800000.0,16543649.0
751,M-1430,item:268967,0.0,3341800.0,43391.918411
751,M-1810,item:268091,14400.0,7459200.0,17982.122432
751,SDC-1450,item:773474,0.0,28800000.0,16543649.0
752,M-1430,item:268967,0.0,3341800.0,36507.938818
752,M-1810,item:268091,14400.0,7473600.0,14400.0
752,SDC-1450,item:773474,0.0,28800000.0,16543649.0
753,M-1430,item:268967,0.0,3341800.0,33196.591878
753,M-1810,item:268091,14400.0,7488000.0,15013.020407
753,SDC-1450,item:773474,0.0,28800000.0,16543649.0
754,M-1430,item:268967,0.0,3341800.0,30688.408206
754,M-1810,item:268091,14400.0,7502400.0,14400.0
754,SDC-1450,item:773474,0.0,28800000.0,16543649.0
755,M-1430,item:268967,0.0,3341800.0,25265.938823
755,M-1810,item:268091,14400.0,7516800.0,28800.0
755,SDC-1450,item:773474,0.0,28800000.0,16543649.0
756,M-1430,item:268967,107800.0,3449600.0,123781.204132
756,M-1810,item:268091,14400.0,7531200.0,43200.0
756,SDC-1450,item:773474,0.0,28800000.0,16543649.0
757,M-1430,item:268967,0.0,3449600.0,113403.673521
757,M-1810,item:268091,14400.0,7545600.0,56507.551008
757,SDC-1450,item:773474,3200000.0,32000000.0,18702871.0
758,M-1430,item:268967,0.0,3449600.0,105650.795969
758,M-1810,item:268091,0.0,7545600.0,47370.448956
758,SDC-1450,item:773474,0.0,32000000.0,18702871.0
759,M-1430,item:268967,0.0,3449600.0,101470.55107
759,M-1810,item:268091,14400.0,7560000.0,45872.040796
759,SDC-1450,item:773474,0.0,32000000.0,18702871.0
760,M-1430,item:268967,0.0,3449600.0,101470.55107
760,M-1810,item:268091,14400.0,7574400.0,45847.877547
760,SDC-1450,item:773474,0.0,32000000.0,18702871.0
761,M-1430,item:268967,0.0,3449600.0,99681.632705
761,M-1810,item:268091,14400.0,7588800.0,53295.673477
761,SDC-1450,item:773474,0.0,32000000.0,18702871.0
762,M-1430,item:268967,0.0,3449600.0,95455.979646
762,M-1810,item:268091,14400.0,7603200.0,52444.285732
762,SDC-1450,item:773474,0.0,32000000.0,18702871.0
763,M-1430,item:268967,0.0,3449600.0,90737.857195
763,M-1810,item:268091,14400.0,7617600.0,50373.183688
763,SDC-1450,item:773474,0.0,32000000.0,18702871.0
764,M-1430,item:268967,0.0,3449600.0,90737.857195
764,M-1810,item:268091,0.0,7617600.0,50373.183688
764,SDC-1450,item:773474,0.0,32000000.0,18702871.0
765,M-1430,item:268967,0.0,3449600.0,90737.857195
765,M-1810,item:268091,0.0,7617600.0,50373.183688
765,SDC-1450,item:773474,0.0,32000000.0,18702871.0
766,M-1430,item:268967,0.0,3449600.0,89051.42862
766,M-1810,item:268091,0.0,7617600.0,50373.183688
766,SDC-1450,item:773474,0.0,32000000.0,18702871.0
767,M-1430,item:268967,0.0,3449600.0,85705.000043
767,M-1810,item:268091,0.0,7617600.0,48633.714266
767,SDC-1450,item:773474,0.0,32000000.0,18702871.0
768,M-1430,item:268967,0.0,3449600.0,73744.530655
768,M-1810,item:268091,0.0,7617600.0,42558.85709
768,SDC-1450,item:773474,0.0,32000000.0,18702871.0
769,M-1430,item:268967,0.0,3449600.0,54398.979639
769,M-1810,item:268091,0.0,7617600.0,34228.693827
769,SDC-1450,item:773474,0.0,32000000.0,18702871.0
770,M-1430,item:268967,0.0,3449600.0,35851.346993
770,M-1810,item:268091,14400.0,7632000.0,42719.224476
770,SDC-1450,item:773474,0.0,32000000.0,18702871.0
771,M-1430,item:268967,107800.0,3557400.0,132855.673525
771,M-1810,item:268091,0.0,7632000.0,41826.367369
771,SDC-1450,item:773474,0.0,32000000.0,18702871.0
772,M-1430,item:268967,0.0,3557400.0,128583.000052
772,M-1810,item:268091,0.0,7632000.0,41826.367369
772,SDC-1450,item:773474,0.0,32000000.0,17141707.0
773,M-1430,item:268967,0.0,3557400.0,126923.000051
773,M-1810,item:268091,0.0,7632000.0,41826.367369
773,SDC-1450,item:773474,0.0,32000000.0,17141707.0
774,M-1430,item:268967,0.0,3557400.0,114036.285766
774,M-1810,item:268091,0.0,7632000.0,39838.857133
774,SDC-1450,item:773474,0.0,32000000.0,17141707.0
775,M-1430,item:268967,0.0,3557400.0,99380.898011
775,M-1810,item:268091,14400.0,7646400.0,29801.673428
775,SDC-1450,item:773474,0.0,32000000.0,17141707.0
776,M-1430,item:268967,0.0,3557400.0,96182.44903
776,M-1810,item:268091,14400.0,7660800.0,14400.0
776,SDC-1450,item:773474,0.0,32000000.0,17141707.0
777,M-1430,item:268967,0.0,3557400.0,96182.44903
777,M-1810,item:268091,14400.0,7675200.0,14400.0
777,SDC-1450,item:773474,0.0,32000000.0,17141707.0
778,M-1430,item:268967,0.0,3557400.0,96182.44903
778,M-1810,item:268091,14400.0,7689600.0,14400.0
778,SDC-1450,item:773474,0.0,32000000.0,17141707.0
779,M-1430,item:268967,0.0,3557400.0,96182.44903
779,M-1810,item:268091,14400.0,7704000.0,14400.0
779,SDC-1450,item:773474,0.0,32000000.0,17141707.0
780,M-1430,item:268967,0.0,3557400.0,96182.44903
780,M-1810,item:268091,14400.0,7718400.0,14400.0
780,SDC-1450,item:773474,0.0,32000000.0,17141707.0
781,M-1430,item:268967,0.0,3557400.0,96182.44903
781,M-1810,item:268091,14400.0,7732800.0,14400.0
781,SDC-1450,item:773474,0.0,32000000.0,17141707.0
782,M-1430,item:268967,0.0,3557400.0,96182.44903
782,M-1810,item:268091,14400.0,7747200.0,14400.0
782,SDC-1450,item:773474,0.0,32000000.0,17141707.0
783,M-1430,item:268967,0.0,3557400.0,90606.346985
783,M-1810,item:268091,14400.0,7761600.0,14400.0
783,SDC-1450,item:773474,0.0,32000000.0,17141707.0
784,M-1430,item:268967,0.0,3557400.0,75501.734735
784,M-1810,item:268091,14400.0,7776000.0,14400.0
784,SDC-1450,item:773474,0.0,32000000.0,17141707.0
785,M-1430,item:268967,0.0,3557400.0,56147.734734
785,M-1810,item:268091,14400.0,7790400.0,14400.0
785,SDC-1450,item:773474,0.0,32000000.0,17141707.0
786,M-1430,item:268967,0.0,3557400.0,41775.877595
786,M-1810,item:268091,14400.0,7804800.0,14400.0
786,SDC-1450,item:773474,0.0,32000000.0,17141707.0
787,M-1430,item:268967,0.0,3557400.0,41775.877595
787,M-1810,item:268091,14400.0,7819200.0,14400.0
787,SDC-1450,item:773474,0.0,32000000.0,17141707.0
788,M-1430,item:268967,0.0,3557400.0,39994.000044
788,M-1810,item:268091,14400.0,7833600.0,14400.0
788,SDC-1450,item:773474,0.0,32000000.0,17141707.0
789,M-1430,item:268967,0.0,3557400.0,37080.653105
789,M-1810,item:268091,14400.0,7848000.0,14400.0
789,SDC-1450,item:773474,0.0,32000000.0,17141707.0
790,M-1430,item:268967,0.0,3557400.0,35179.530657
790,M-1810,item:268091,14400.0,7862400.0,14400.0
790,SDC-1450,item:773474,0.0,32000000.0,17141707.0
791,M-1430,item:268967,0.0,3557400.0,32870.571474
791,M-1810,item:268091,14400.0,7876800.0,14400.0
791,SDC-1450,item:773474,0.0,32000000.0,17141707.0
792,M-1430,item:268967,0.0,3557400.0,32870.571474
792,M-1810,item:268091,14400.0,7891200.0,14400.0
792,SDC-1450,item:773474,0.0,32000000.0,17141707.0
793,M-1430,item:268967,0.0,3557400.0,32870.571474
793,M-1810,item:268091,14400.0,7905600.0,14400.0
793,SDC-1450,item:773474,0.0,32000000.0,17141707.0
794,M-1430,item:268967,0.0,3557400.0,32870.571474
794,M-1810,item:268091,14400.0,7920000.0,14400.0
794,SDC-1450,item:773474,0.0,32000000.0,17141707.0
795,M-1430,item:268967,0.0,3557400.0,32870.571474
795,M-1810,item:268091,14400.0,7934400.0,14400.0
795,SDC-1450,item:773474,0.0,32000000.0,17141707.0
796,M-1430,item:268967,0.0,3557400.0,31028.306169
796,M-1810,item:268091,14400.0,7948800.0,14400.0
796,SDC-1450,item:773474,0.0,32000000.0,17141707.0
797,M-1430,item:268967,107800.0,3665200.0,128034.653108
797,M-1810,item:268091,14400.0,7963200.0,20767.510195
797,SDC-1450,item:773474,0.0,32000000.0,17141707.0
798,M-1430,item:268967,0.0,3665200.0,109824.040863
798,M-1810,item:268091,14400.0,7977600.0,34504.816308
798,SDC-1450,item:773474,0.0,32000000.0,16621314.0
799,M-1430,item:268967,0.0,3665200.0,109824.040863
799,M-1810,item:268091,14400.0,7992000.0,41464.612218
799,SDC-1450,item:773474,0.0,32000000.0,16621314.0
800,M-1430,item:268967,0.0,3665200.0,101175.734739
800,M-1810,item:268091,14400.0,8006400.0,42562.285688
800,SDC-1450,item:773474,0.0,32000000.0,16621314.0
801,M-1430,item:268967,0.0,3665200.0,90993.000045
801,M-1810,item:268091,14400.0,8020800.0,44828.0408
801,SDC-1450,item:773474,0.0,32000000.0,16621314.0
802,M-1430,item:268967,0.0,3665200.0,70319.693921
802,M-1810,item:268091,0.0,8020800.0,44828.0408
802,SDC-1450,item:773474,0.0,32000000.0,16621314.0
803,M-1430,item:268967,0.0,3665200.0,56872.040861
803,M-1810,item:268091,0.0,8020800.0,44828.0408
803,SDC-1450,item:773474,0.0,32000000.0,16621314.0
804,M-1430,item:268967,0.0,3665200.0,56872.040861
804,M-1810,item:268091,14400.0,8035200.0,46440.408155
804,SDC-1450,item:773474,0.0,32000000.0,16621314.0
805,M-1430,item:268967,0.0,3665200.0,56872.040861
805,M-1810,item:268091,14400.0,8049600.0,33566.32653
805,SDC-1450,item:773474,0.0,32000000.0,16621314.0
806,M-1430,item:268967,0.0,3665200.0,56872.040861
806,M-1810,item:268091,14400.0,8064000.0,18703.469386
806,SDC-1450,item:773474,0.0,32000000.0,16621314.0
807,M-1430,item:268967,0.0,3665200.0,56872.040861
807,M-1810,item:268091,14400.0,8078400.0,16048.326519
807,SDC-1450,item:773474,0.0,32000000.0,16621314.0
808,M-1430,item:268967,0.0,3665200.0,56872.040861
808,M-1810,item:268091,14400.0,8092800.0,30448.326519
808,SDC-1450,item:773474,0.0,32000000.0,16621314.0
809,M-1430,item:268967,0.0,3665200.0,56872.040861
809,M-1810,item:268091,14400.0,8107200.0,43108.571417
809,SDC-1450,item:773474,0.0,32000000.0,16621314.0
810,M-1430,item:268967,0.0,3665200.0,56872.040861
810,M-1810,item:268091,14400.0,8121600.0,42647.673457
810,SDC-1450,item:773474,0.0,32000000.0,16621314.0
811,M-1430,item:268967,0.0,3665200.0,55733.22454
811,M-1810,item:268091,14400.0,8136000.0,30703.102029
811,SDC-1450,item:773474,0.0,32000000.0,16621314.0
812,M-1430,item:268967,0.0,3665200.0,50340.204136
812,M-1810,item:268091,14400.0,8150400.0,20293.714273
812,SDC-1450,item:773474,0.0,32000000.0,16621314.0
813,M-1430,item:268967,0.0,3665200.0,41856.632704
813,M-1810,item:268091,14400.0,8164800.0,22800.897947
813,SDC-1450,item:773474,0.0,32000000.0,16621314.0
814,M-1430,item:268967,0.0,3665200.0,34561.551062
814,M-1810,item:268091,14400.0,8179200.0,36587.183661
814,SDC-1450,item:773474,0.0,32000000.0,16621314.0
815,M-1430,item:268967,0.0,3665200.0,31570.346972
815,M-1810,item:268091,14400.0,8193600.0,49247.428559
815,SDC-1450,item:773474,0.0,32000000.0,16621314.0
816,M-1430,item:268967,0.0,3665200.0,31570.346972
816,M-1810,item:268091,14400.0,8208000.0,48172.816314
816,SDC-1450,item:773474,0.0,32000000.0,16621314.0
817,M-1430,item:268967,0.0,3665200.0,29493.204123
817,M-1810,item:268091,14400.0,8222400.0,59308.591824
817,SDC-1450,item:773474,0.0,32000000.0,16621314.0
818,M-1430,item:268967,0.0,3665200.0,22151.040867
818,M-1810,item:268091,0.0,8222400.0,51526.979578
818,SDC-1450,item:773474,0.0,32000000.0,16621314.0
819,M-1430,item:268967,107800.0,3773000.0,119373.346992
819,M-1810,item:268091,0.0,8222400.0,42978.795904
819,SDC-1450,item:773474,0.0,32000000.0,16621314.0
820,M-1430,item:268967,0.0,3773000.0,110777.489842
820,M-1810,item:268091,0.0,8222400.0,38668.020393
820,SDC-1450,item:773474,0.0,32000000.0,15580535.0
821,M-1430,item:268967,0.0,3773000.0,107351.346978
821,M-1810,item:268091,14400.0,8236800.0,45699.632636
821,SDC-1450,item:773474,0.0,32000000.0,15580535.0
822,M-1430,item:268967,0.0,3773000.0,107065.428611
822,M-1810,item:268091,0.0,8236800.0,40070.999982
822,SDC-1450,item:773474,0.0,32000000.0,15580535.0
823,M-1430,item:268967,0.0,3773000.0,104702.367396
823,M-1810,item:268091,0.0,8236800.0,40070.999982
823,SDC-1450,item:773474,0.0,32000000.0,15580535.0
824,M-1430,item:268967,0.0,3773000.0,96393.469446
824,M-1810,item:268091,0.0,8236800.0,40070.999982
824,SDC-1450,item:773474,0.0,32000000.0,15580535.0
825,M-1430,item:268967,0.0,3773000.0,84122.836794
825,M-1810,item:268091,0.0,8236800.0,40070.999982
825,SDC-1450,item:773474,0.0,32000000.0,15580535.0
826,M-1430,item:268967,0.0,3773000.0,73743.265358
826,M-1810,item:268091,0.0,8236800.0,40070.999982
826,SDC-1450,item:773474,0.0,32000000.0,15580535.0
827,M-1430,item:268967,0.0,3773000.0,69123.449024
827,M-1810,item:268091,0.0,8236800.0,38547.306108
827,SDC-1450,item:773474,0.0,32000000.0,15580535.0
828,M-1430,item:268967,0.0,3773000.0,57899.714323
828,M-1810,item:268091,0.0,8236800.0,33950.979581
828,SDC-1450,item:773474,0.0,32000000.0,15580535.0
829,M-1430,item:268967,0.0,3773000.0,54978.40821
829,M-1810,item:268091,14400.0,8251200.0,40988.551014
829,SDC-1450,item:773474,0.0,32000000.0,15580535.0
830,M-1430,item:268967,0.0,3773000.0,54978.40821
830,M-1810,item:268091,0.0,8251200.0,35762.877546
830,SDC-1450,item:773474,0.0,32000000.0,15580535.0
831,M-1430,item:268967,0.0,3773000.0,54978.40821
831,M-1810,item:268091,14400.0,8265600.0,32091.183665
831,SDC-1450,item:773474,0.0,32000000.0,15580535.0
832,M-1430,item:268967,0.0,3773000.0,54978.40821
832,M-1810,item:268091,14400.0,8280000.0,14400.0
832,SDC-1450,item:773474,0.0,32000000.0,15580535.0
833,M-1430,item:268967,0.0,3773000.0,54978.40821
833,M-1810,item:268091,14400.0,8294400.0,14400.0
833,SDC-1450,item:773474,0.0,32000000.0,15580535.0
834,M-1430,item:268967,0.0,3773000.0,54978.40821
834,M-1810,item:268091,14400.0,8308800.0,16032.224478
834,SDC-1450,item:773474,0.0,32000000.0,15580535.0
835,M-1430,item:268967,0.0,3773000.0,54978.40821
835,M-1810,item:268091,14400.0,8323200.0,14400.0
835,SDC-1450,item:773474,0.0,32000000.0,15580535.0
836,M-1430,item:268967,0.0,3773000.0,54978.40821
836,M-1810,item:268091,14400.0,8337600.0,14400.0
836,SDC-1450,item:773474,0.0,32000000.0,15580535.0
837,M-1430,item:268967,0.0,3773000.0,54978.40821
837,M-1810,item:268091,14400.0,8352000.0,14400.0
837,SDC-1450,item:773474,0.0,32000000.0,15580535.0
838,M-1430,item:268967,0.0,3773000.0,54978.40821
838,M-1810,item:268091,14400.0,8366400.0,14400.0
838,SDC-1450,item:773474,0.0,32000000.0,15580535.0
839,M-1430,item:268967,0.0,3773000.0,54978.40821
839,M-1810,item:268091,14400.0,8380800.0,14400.0
839,SDC-1450,item:773474,0.0,32000000.0,15580535.0
840,M-1430,item:268967,0.0,3773000.0,54978.40821
840,M-1810,item:268091,14400.0,8395200.0,18040.326523
840,SDC-1450,item:773474,0.0,32000000.0,15580535.0
841,M-1430,item:268967,0.0,3773000.0,54978.40821
841,M-1810,item:268091,14400.0,8409600.0,19443.632638
841,SDC-1450,item:773474,0.0,32000000.0,15580535.0
842,M-1430,item:268967,0.0,3773000.0,54978.40821
842,M-1810,item:268091,14400.0,8424000.0,29969.265293
842,SDC-1450,item:773474,0.0,32000000.0,15580535.0
843,M-1430,item:268967,0.0,3773000.0,54978.40821
843,M-1810,item:268091,14400.0,8438400.0,44369.265293
843,SDC-1450,item:773474,0.0,32000000.0,15580535.0
844,M-1430,item:268967,0.0,3773000.0,54978.40821
844,M-1810,item:268091,0.0,8438400.0,44369.265293
844,SDC-1450,item:773474,0.0,32000000.0,15580535.0
845,M-1430,item:268967,0.0,3773000.0,54978.40821
845,M-1810,item:268091,0.0,8438400.0,44369.265293
845,SDC-1450,item:773474,0.0,32000000.0,15580535.0
846,M-1430,item:268967,0.0,3773000.0,54978.40821
846,M-1810,item:268091,0.0,8438400.0,44369.265293
846,SDC-1450,item:773474,0.0,32000000.0,15580535.0
847,M-1430,item:268967,0.0,3773000.0,54978.40821
847,M-1810,item:268091,0.0,8438400.0,44369.265293
847,SDC-1450,item:773474,0.0,32000000.0,15580535.0
848,M-1430,item:268967,0.0,3773000.0,54978.40821
848,M-1810,item:268091,0.0,8438400.0,44369.265293
848,SDC-1450,item:773474,0.0,32000000.0,15580535.0
849,M-1430,item:268967,0.0,3773000.0,54978.40821
849,M-1810,item:268091,0.0,8438400.0,44369.265293
849,SDC-1450,item:773474,0.0,32000000.0,15580535.0
850,M-1430,item:268967,0.0,3773000.0,54978.40821
850,M-1810,item:268091,0.0,8438400.0,44369.265293
850,SDC-1450,item:773474,0.0,32000000.0,15580535.0
851,M-1430,item:268967,0.0,3773000.0,54978.40821
851,M-1810,item:268091,0.0,8438400.0,44369.265293
851,SDC-1450,item:773474,0.0,32000000.0,15580535.0
852,M-1430,item:268967,0.0,3773000.0,54978.40821
852,M-1810,item:268091,0.0,8438400.0,44369.265293
852,SDC-1450,item:773474,0.0,32000000.0,15580535.0
853,M-1430,item:268967,0.0,3773000.0,54978.40821
853,M-1810,item:268091,0.0,8438400.0,44369.265293
853,SDC-1450,item:773474,0.0,32000000.0,15580535.0
854,M-1430,item:268967,0.0,3773000.0,54978.40821
854,M-1810,item:268091,0.0,8438400.0,44369.265293
854,SDC-1450,item:773474,0.0,32000000.0,15580535.0
855,M-1430,item:268967,0.0,3773000.0,54978.40821
855,M-1810,item:268091,0.0,8438400.0,44369.265293
855,SDC-1450,item:773474,0.0,32000000.0,15580535.0
856,M-1430,item:268967,0.0,3773000.0,54978.40821
856,M-1810,item:268091,0.0,8438400.0,44369.265293
856,SDC-1450,item:773474,0.0,32000000.0,15580535.0
857,M-1430,item:268967,0.0,3773000.0,54978.40821
857,M-1810,item:268091,0.0,8438400.0,44369.265293
857,SDC-1450,item:773474,0.0,32000000.0,15580535.0
858,M-1430,item:268967,0.0,3773000.0,54978.40821
858,M-1810,item:268091,0.0,8438400.0,42655.714268
858,SDC-1450,item:773474,0.0,32000000.0,15580535.0
859,M-1430,item:268967,0.0,3773000.0,54978.40821
859,M-1810,item:268091,14400.0,8452800.0,38367.550999
859,SDC-1450,item:773474,0.0,32000000.0,15580535.0
860,M-1430,item:268967,0.0,3773000.0,54978.40821
860,M-1810,item:268091,14400.0,8467200.0,17984.857121
860,SDC-1450,item:773474,0.0,32000000.0,15580535.0
861,M-1430,item:268967,0.0,3773000.0,54978.40821
861,M-1810,item:268091,14400.0,8481600.0,14400.0
861,SDC-1450,item:773474,0.0,32000000.0,15580535.0
862,M-1430,item:268967,0.0,3773000.0,54978.40821
862,M-1810,item:268091,14400.0,8496000.0,14400.0
862,SDC-1450,item:773474,0.0,32000000.0,15580535.0
863,M-1430,item:268967,0.0,3773000.0,54978.40821
863,M-1810,item:268091,14400.0,8510400.0,14400.0
863,SDC-1450,item:773474,0.0,32000000.0,15580535.0
864,M-1430,item:268967,0.0,3773000.0,54978.40821
864,M-1810,item:268091,14400.0,8524800.0,14400.0
864,SDC-1450,item:773474,0.0,32000000.0,15580535.0
865,M-1430,item:268967,0.0,3773000.0,54978.40821
865,M-1810,item:268091,14400.0,8539200.0,14400.0
865,SDC-1450,item:773474,0.0,32000000.0,15580535.0
866,M-1430,item:268967,0.0,3773000.0,54978.40821
866,M-1810,item:268091,14400.0,8553600.0,14400.0
866,SDC-1450,item:773474,0.0,32000000.0,15580535.0
867,M-1430,item:268967,0.0,3773000.0,54978.40821
867,M-1810,item:268091,14400.0,8568000.0,14400.0
867,SDC-1450,item:773474,0.0,32000000.0,15580535.0
868,M-1430,item:268967,0.0,3773000.0,54978.40821
868,M-1810,item:268091,14400.0,8582400.0,19273.836718
868,SDC-1450,item:773474,0.0,32000000.0,15580535.0
869,M-1430,item:268967,0.0,3773000.0,54978.40821
869,M-1810,item:268091,14400.0,8596800.0,14400.0
869,SDC-1450,item:773474,0.0,32000000.0,15580535.0
870,M-1430,item:268967,0.0,3773000.0,54978.40821
870,M-1810,item:268091,14400.0,8611200.0,27355.163247
870,SDC-1450,item:773474,0.0,32000000.0,15580535.0
871,M-1430,item:268967,0.0,3773000.0,54978.40821
871,M-1810,item:268091,14400.0,8625600.0,29946.734657
871,SDC-1450,item:773474,0.0,32000000.0,15580535.0
872,M-1430,item:268967,0.0,3773000.0,51644.714342
872,M-1810,item:268091,14400.0,8640000.0,23616.714248
872,SDC-1450,item:773474,0.0,32000000.0,15580535.0
873,M-1430,item:268967,0.0,3773000.0,51644.714342
873,M-1810,item:268091,14400.0,8654400.0,14400.0
873,SDC-1450,item:773474,0.0,32000000.0,15580535.0
874,M-1430,item:268967,0.0,3773000.0,51644.714342
874,M-1810,item:268091,14400.0,8668800.0,14400.0
874,SDC-1450,item:773474,0.0,32000000.0,15580535.0
875,M-1430,item:268967,0.0,3773000.0,51644.714342
875,M-1810,item:268091,14400.0,8683200.0,14400.0
875,SDC-1450,item:773474,0.0,32000000.0,15580535.0
876,M-1430,item:268967,0.0,3773000.0,51644.714342
876,M-1810,item:268091,14400.0,8697600.0,14400.0
876,SDC-1450,item:773474,0.0,32000000.0,15580535.0
877,M-1430,item:268967,0.0,3773000.0,51644.714342
877,M-1810,item:268091,14400.0,8712000.0,28800.0
877,SDC-1450,item:773474,0.0,32000000.0,15580535.0
878,M-1430,item:268967,0.0,3773000.0,51644.714342
878,M-1810,item:268091,14400.0,8726400.0,43200.0
878,SDC-1450,item:773474,0.0,32000000.0,15580535.0
879,M-1430,item:268967,0.0,3773000.0,51644.714342
879,M-1810,item:268091,14400.0,8740800.0,49784.999984
879,SDC-1450,item:773474,0.0,32000000.0,15580535.0
880,M-1430,item:268967,0.0,3773000.0,51644.714342
880,M-1810,item:268091,14400.0,8755200.0,49265.367316
880,SDC-1450,item:773474,0.0,32000000.0,15580535.0
881,M-1430,item:268967,0.0,3773000.0,51644.714342
881,M-1810,item:268091,14400.0,8769600.0,49723.326501
881,SDC-1450,item:773474,0.0,32000000.0,15580535.0
882,M-1430,item:268967,0.0,3773000.0,51644.714342
882,M-1810,item:268091,0.0,8769600.0,44130.734683
882,SDC-1450,item:773474,0.0,32000000.0,15580535.0
883,M-1430,item:268967,0.0,3773000.0,51644.714342
883,M-1810,item:268091,0.0,8769600.0,44130.734683
883,SDC-1450,item:773474,0.0,32000000.0,15580535.0
884,M-1430,item:268967,0.0,3773000.0,51644.714342
884,M-1810,item:268091,0.0,8769600.0,44130.734683
884,SDC-1450,item:773474,0.0,32000000.0,15580535.0
885,M-1430,item:268967,0.0,3773000.0,51644.714342
885,M-1810,item:268091,0.0,8769600.0,39965.571419
885,SDC-1450,item:773474,0.0,32000000.0,15580535.0
886,M-1430,item:268967,0.0,3773000.0,51644.714342
886,M-1810,item:268091,14400.0,8784000.0,44699.122442
886,SDC-1450,item:773474,0.0,32000000.0,15580535.0
887,M-1430,item:268967,0.0,3773000.0,51644.714342
887,M-1810,item:268091,0.0,8784000.0,34853.061218
887,SDC-1450,item:773474,0.0,32000000.0,15580535.0
888,M-1430,item:268967,0.0,3773000.0,51644.714342
888,M-1810,item:268091,0.0,8784000.0,34853.061218
888,SDC-1450,item:773474,0.0,32000000.0,15580535.0
889,M-1430,item:268967,0.0,3773000.0,51644.714342
889,M-1810,item:268091,0.0,8784000.0,34853.061218
889,SDC-1450,item:773474,0.0,32000000.0,15580535.0
890,M-1430,item:268967,0.0,3773000.0,51644.714342
890,M-1810,item:268091,0.0,8784000.0,33444.244886
890,SDC-1450,item:773474,0.0,32000000.0,15580535.0
891,M-1430,item:268967,0.0,3773000.0,51644.714342
891,M-1810,item:268091,0.0,8784000.0,28996.693859
891,SDC-1450,item:773474,0.0,32000000.0,15580535.0
892,M-1430,item:268967,0.0,3773000.0,47046.714341
892,M-1810,item:268091,14400.0,8798400.0,37645.734673
892,SDC-1450,item:773474,0.0,32000000.0,15580535.0
893,M-1430,item:268967,107800.0,3880800.0,142022.285769
893,M-1810,item:268091,0.0,8798400.0,33956.612227
893,SDC-1450,item:773474,0.0,32000000.0,15580535.0
894,M-1430,item:268967,0.0,3880800.0,86173.714341
894,M-1810,item:268091,14400.0,8812800.0,35054.551009
894,SDC-1450,item:773474,3200000.0,35200000.0,17739757.0
895,M-1430,item:268967,107800.0,3988600.0,107800.0
895,M-1810,item:268091,14400.0,8827200.0,20228.122444
895,SDC-1450,item:773474,0.0,35200000.0,17739757.0
896,M-1430,item:268967,107800.0,4096400.0,124204.142858
896,M-1810,item:268091,14400.0,8841600.0,14400.0
896,SDC-1450,item:773474,0.0,35200000.0,15658200.0
897,M-1430,item:268967,107800.0,4204200.0,170183.8572
897,M-1810,item:268091,14400.0,8856000.0,14400.0
897,SDC-1450,item:773474,3200000.0,38400000.0,15735865.0
898,M-1430,item:268967,0.0,4204200.0,140169.285828
898,M-1810,item:268091,14400.0,8870400.0,14883.387742
898,SDC-1450,item:773474,3200000.0,41600000.0,14772751.0
899,M-1430,item:268967,0.0,4204200.0,109392.857256
899,M-1810,item:268091,14400.0,8884800.0,14400.0
899,SDC-1450,item:773474,3200000.0,44800000.0,17972751.0
900,M-1430,item:268967,107800.0,4312000.0,120842.285827
900,M-1810,item:268091,14400.0,8899200.0,14400.0
900,SDC-1450,item:773474,0.0,44800000.0,17972751.0
901,M-1430,item:268967,0.0,4312000.0,120842.285827
901,M-1810,item:268091,14400.0,8913600.0,14400.0
901,SDC-1450,item:773474,3200000.0,48000000.0,15968858.0
902,M-1430,item:268967,0.0,4312000.0,120842.285827
902,M-1810,item:268091,14400.0,8928000.0,14400.0
902,SDC-1450,item:773474,3200000.0,51200000.0,19168858.0
903,M-1430,item:268967,0.0,4312000.0,120842.285827
903,M-1810,item:268091,14400.0,8942400.0,14400.0
903,SDC-1450,item:773474,0.0,51200000.0,19168858.0
904,M-1430,item:268967,0.0,4312000.0,120842.285827
904,M-1810,item:268091,14400.0,8956800.0,14400.0
904,SDC-1450,item:773474,0.0,51200000.0,19168858.0
905,M-1430,item:268967,0.0,4312000.0,120842.285827
905,M-1810,item:268091,14400.0,8971200.0,14400.0
905,SDC-1450,item:773474,0.0,51200000.0,19168858.0
906,M-1430,item:268967,0.0,4312000.0,120842.285827
906,M-1810,item:268091,14400.0,8985600.0,14400.0
906,SDC-1450,item:773474,0.0,51200000.0,19168858.0
907,M-1430,item:268967,0.0,4312000.0,120842.285827
907,M-1810,item:268091,14400.0,9000000.0,14400.0
907,SDC-1450,item:773474,0.0,51200000.0,19168858.0
908,M-1430,item:268967,0.0,4312000.0,120842.285827
908,M-1810,item:268091,14400.0,9014400.0,14400.0
908,SDC-1450,item:773474,0.0,51200000.0,19168858.0
909,M-1430,item:268967,0.0,4312000.0,120842.285827
909,M-1810,item:268091,14400.0,9028800.0,14400.0
909,SDC-1450,item:773474,0.0,51200000.0,19168858.0
910,M-1430,item:268967,0.0,4312000.0,120842.285827
910,M-1810,item:268091,14400.0,9043200.0,28800.0
910,SDC-1450,item:773474,0.0,51200000.0,19168858.0
911,M-1430,item:268967,0.0,4312000.0,120842.285827
911,M-1810,item:268091,14400.0,9057600.0,43200.0
911,SDC-1450,item:773474,0.0,51200000.0,19168858.0
912,M-1430,item:268967,0.0,4312000.0,120842.285827
912,M-1810,item:268091,0.0,9057600.0,43200.0
912,SDC-1450,item:773474,0.0,51200000.0,19168858.0
913,M-1430,item:268967,0.0,4312000.0,120842.285827
913,M-1810,item:268091,0.0,9057600.0,43200.0
913,SDC-1450,item:773474,0.0,51200000.0,19168858.0
914,M-1430,item:268967,0.0,4312000.0,120842.285827
914,M-1810,item:268091,0.0,9057600.0,43200.0
914,SDC-1450,item:773474,0.0,51200000.0,19168858.0
915,M-1430,item:268967,0.0,4312000.0,120842.285827
915,M-1810,item:268091,14400.0,9072000.0,47798.265288
915,SDC-1450,item:773474,0.0,51200000.0,19168858.0
916,M-1430,item:268967,0.0,4312000.0,120842.285827
916,M-1810,item:268091,14400.0,9086400.0,39715.48976
916,SDC-1450,item:773474,0.0,51200000.0,19168858.0
917,M-1430,item:268967,0.0,4312000.0,120842.285827
917,M-1810,item:268091,14400.0,9100800.0,28514.816291
917,SDC-1450,item:773474,0.0,51200000.0,19168858.0
918,M-1430,item:268967,0.0,4312000.0,120842.285827
918,M-1810,item:268091,14400.0,9115200.0,14400.0
918,SDC-1450,item:773474,0.0,51200000.0,19168858.0
919,M-1430,item:268967,0.0,4312000.0,120842.285827
919,M-1810,item:268091,14400.0,9129600.0,24727.734712
919,SDC-1450,item:773474,0.0,51200000.0,19168858.0
920,M-1430,item:268967,0.0,4312000.0,120842.285827
920,M-1810,item:268091,14400.0,9144000.0,21420.06126
920,SDC-1450,item:773474,0.0,51200000.0,19168858.0
921,M-1430,item:268967,0.0,4312000.0,120842.285827
921,M-1810,item:268091,14400.0,9158400.0,35820.06126
921,SDC-1450,item:773474,0.0,51200000.0,19168858.0
922,M-1430,item:268967,0.0,4312000.0,120842.285827
922,M-1810,item:268091,14400.0,9172800.0,50220.06126
922,SDC-1450,item:773474,0.0,51200000.0,19168858.0
923,M-1430,item:268967,0.0,4312000.0,120842.285827
923,M-1810,item:268091,0.0,9172800.0,50220.06126
923,SDC-1450,item:773474,0.0,51200000.0,19168858.0
924,M-1430,item:268967,0.0,4312000.0,120842.285827
924,M-1810,item:268091,0.0,9172800.0,50220.06126
924,SDC-1450,item:773474,0.0,51200000.0,19168858.0
925,M-1430,item:268967,0.0,4312000.0,120842.285827
925,M-1810,item:268091,0.0,9172800.0,50220.06126
925,SDC-1450,item:773474,0.0,51200000.0,19168858.0
926,M-1430,item:268967,0.0,4312000.0,120842.285827
926,M-1810,item:268091,0.0,9172800.0,50220.06126
926,SDC-1450,item:773474,0.0,51200000.0,19168858.0
927,M-1430,item:268967,0.0,4312000.0,120842.285827
927,M-1810,item:268091,0.0,9172800.0,50220.06126
927,SDC-1450,item:773474,0.0,51200000.0,19168858.0
928,M-1430,item:268967,0.0,4312000.0,120842.285827
928,M-1810,item:268091,0.0,9172800.0,50220.06126
928,SDC-1450,item:773474,0.0,51200000.0,19168858.0
929,M-1430,item:268967,0.0,4312000.0,120842.285827
929,M-1810,item:268091,14400.0,9187200.0,48018.714276
929,SDC-1450,item:773474,0.0,51200000.0,19168858.0
930,M-1430,item:268967,0.0,4312000.0,120842.285827
930,M-1810,item:268091,14400.0,9201600.0,23336.367292
930,SDC-1450,item:773474,0.0,51200000.0,19168858.0
931,M-1430,item:268967,0.0,4312000.0,120842.285827
931,M-1810,item:268091,14400.0,9216000.0,14400.0
931,SDC-1450,item:773474,0.0,51200000.0,19168858.0
932,M-1430,item:268967,0.0,4312000.0,120842.285827
932,M-1810,item:268091,14400.0,9230400.0,14400.0
932,SDC-1450,item:773474,0.0,51200000.0,19168858.0
933,M-1430,item:268967,0.0,4312000.0,120842.285827
933,M-1810,item:268091,14400.0,9244800.0,14400.0
933,SDC-1450,item:773474,0.0,51200000.0,19168858.0
934,M-1430,item:268967,0.0,4312000.0,120842.285827
934,M-1810,item:268091,14400.0,9259200.0,14400.0
934,SDC-1450,item:773474,0.0,51200000.0,19168858.0
935,M-1430,item:268967,0.0,4312000.0,120842.285827
935,M-1810,item:268091,14400.0,9273600.0,14400.0
935,SDC-1450,item:773474,0.0,51200000.0,19168858.0
936,M-1430,item:268967,0.0,4312000.0,120842.285827
936,M-1810,item:268091,14400.0,9288000.0,14400.0
936,SDC-1450,item:773474,0.0,51200000.0,19168858.0
937,M-1430,item:268967,0.0,4312000.0,120842.285827
937,M-1810,item:268091,14400.0,9302400.0,14400.0
937,SDC-1450,item:773474,0.0,51200000.0,19168858.0
938,M-1430,item:268967,0.0,4312000.0,120842.285827
938,M-1810,item:268091,14400.0,9316800.0,14400.0
938,SDC-1450,item:773474,0.0,51200000.0,19168858.0
939,M-1430,item:268967,0.0,4312000.0,120842.285827
939,M-1810,item:268091,14400.0,9331200.0,27807.67346
939,SDC-1450,item:773474,0.0,51200000.0,19168858.0
940,M-1430,item:268967,0.0,4312000.0,120842.285827
940,M-1810,item:268091,14400.0,9345600.0,42207.67346
940,SDC-1450,item:773474,0.0,51200000.0,19168858.0
941,M-1430,item:268967,0.0,4312000.0,120842.285827
941,M-1810,item:268091,0.0,9345600.0,42207.67346
941,SDC-1450,item:773474,0.0,51200000.0,19168858.0
942,M-1430,item:268967,0.0,4312000.0,120842.285827
942,M-1810,item:268091,0.0,9345600.0,42207.67346
942,SDC-1450,item:773474,0.0,51200000.0,19168858.0
943,M-1430,item:268967,0.0,4312000.0,120842.285827
943,M-1810,item:268091,0.0,9345600.0,42207.67346
943,SDC-1450,item:773474,0.0,51200000.0,19168858.0
944,M-1430,item:268967,0.0,4312000.0,120842.285827
944,M-1810,item:268091,0.0,9345600.0,42207.67346
944,SDC-1450,item:773474,0.0,51200000.0,19168858.0
945,M-1430,item:268967,0.0,4312000.0,120842.285827
945,M-1810,item:268091,0.0,9345600.0,42207.67346
945,SDC-1450,item:773474,0.0,51200000.0,19168858.0
946,M-1430,item:268967,0.0,4312000.0,120842.285827
946,M-1810,item:268091,0.0,9345600.0,42207.67346
946,SDC-1450,item:773474,0.0,51200000.0,19168858.0
947,M-1430,item:268967,0.0,4312000.0,120842.285827
947,M-1810,item:268091,0.0,9345600.0,42207.67346
947,SDC-1450,item:773474,0.0,51200000.0,19168858.0
948,M-1430,item:268967,0.0,4312000.0,120842.285827
948,M-1810,item:268091,0.0,9345600.0,42207.67346
948,SDC-1450,item:773474,0.0,51200000.0,19168858.0
949,M-1430,item:268967,0.0,4312000.0,120842.285827
949,M-1810,item:268091,0.0,9345600.0,42207.67346
949,SDC-1450,item:773474,0.0,51200000.0,19168858.0
950,M-1430,item:268967,0.0,4312000.0,120842.285827
950,M-1810,item:268091,0.0,9345600.0,42207.67346
950,SDC-1450,item:773474,0.0,51200000.0,19168858.0
951,M-1430,item:268967,0.0,4312000.0,120842.285827
951,M-1810,item:268091,0.0,9345600.0,42207.67346
951,SDC-1450,item:773474,0.0,51200000.0,19168858.0
952,M-1430,item:268967,0.0,4312000.0,120842.285827
952,M-1810,item:268091,0.0,9345600.0,42207.67346
952,SDC-1450,item:773474,0.0,51200000.0,19168858.0
953,M-1430,item:268967,0.0,4312000.0,120842.285827
953,M-1810,item:268091,0.0,9345600.0,42207.67346
953,SDC-1450,item:773474,0.0,51200000.0,19168858.0
954,M-1430,item:268967,0.0,4312000.0,120842.285827
954,M-1810,item:268091,0.0,9345600.0,42207.67346
954,SDC-1450,item:773474,0.0,51200000.0,19168858.0
955,M-1430,item:268967,0.0,4312000.0,120842.285827
955,M-1810,item:268091,0.0,9345600.0,42207.67346
955,SDC-1450,item:773474,0.0,51200000.0,19168858.0
956,M-1430,item:268967,0.0,4312000.0,120842.285827
956,M-1810,item:268091,0.0,9345600.0,36224.571411
956,SDC-1450,item:773474,0.0,51200000.0,19168858.0
957,M-1430,item:268967,0.0,4312000.0,120842.285827
957,M-1810,item:268091,0.0,9345600.0,24711.71426
957,SDC-1450,item:773474,0.0,51200000.0,19168858.0
958,M-1430,item:268967,0.0,4312000.0,120842.285827
958,M-1810,item:268091,0.0,9345600.0,24711.71426
958,SDC-1450,item:773474,0.0,51200000.0,19168858.0
959,M-1430,item:268967,0.0,4312000.0,120842.285827
959,M-1810,item:268091,14400.0,9360000.0,33953.326515
959,SDC-1450,item:773474,0.0,51200000.0,19168858.0
960,M-1430,item:268967,0.0,4312000.0,120842.285827
960,M-1810,item:268091,0.0,9360000.0,23183.204076
960,SDC-1450,item:773474,0.0,51200000.0,19168858.0
961,M-1430,item:268967,0.0,4312000.0,120842.285827
961,M-1810,item:268091,14400.0,9374400.0,26332.408159
961,SDC-1450,item:773474,0.0,51200000.0,19168858.0
962,M-1430,item:268967,0.0,4312000.0,120842.285827
962,M-1810,item:268091,14400.0,9388800.0,34585.346926
962,SDC-1450,item:773474,0.0,51200000.0,19168858.0
963,M-1430,item:268967,0.0,4312000.0,120842.285827
963,M-1810,item:268091,0.0,9388800.0,33995.367325
963,SDC-1450,item:773474,0.0,51200000.0,19168858.0
964,M-1430,item:268967,0.0,4312000.0,120842.285827
964,M-1810,item:268091,14400.0,9403200.0,29710.571398
964,SDC-1450,item:773474,0.0,51200000.0,19168858.0
965,M-1430,item:268967,0.0,4312000.0,120842.285827
965,M-1810,item:268091,14400.0,9417600.0,14400.0
965,SDC-1450,item:773474,0.0,51200000.0,19168858.0
966,M-1430,item:268967,0.0,4312000.0,107028.755166
966,M-1810,item:268091,14400.0,9432000.0,14400.0
966,SDC-1450,item:773474,0.0,51200000.0,19168858.0
967,M-1430,item:268967,0.0,4312000.0,83817.163328
967,M-1810,item:268091,14400.0,9446400.0,14400.0
967,SDC-1450,item:773474,0.0,51200000.0,19168858.0
968,M-1430,item:268967,0.0,4312000.0,59504.67353
968,M-1810,item:268091,14400.0,9460800.0,14400.0
968,SDC-1450,item:773474,0.0,51200000.0,19168858.0
969,M-1430,item:268967,107800.0,4419800.0,117578.795976
969,M-1810,item:268091,14400.0,9475200.0,14400.0
969,SDC-1450,item:773474,0.0,51200000.0,19168858.0
970,M-1430,item:268967,0.0,4419800.0,65651.122503
970,M-1810,item:268091,14400.0,9489600.0,14400.0
970,SDC-1450,item:773474,0.0,51200000.0,19168858.0
971,M-1430,item:268967,0.0,4419800.0,63449.326585
971,M-1810,item:268091,14400.0,9504000.0,14400.0
971,SDC-1450,item:773474,0.0,51200000.0,19168858.0
972,M-1430,item:268967,0.0,4419800.0,63449.326585
972,M-1810,item:268091,14400.0,9518400.0,14400.0
972,SDC-1450,item:773474,0.0,51200000.0,19168858.0
973,M-1430,item:268967,0.0,4419800.0,63449.326585
973,M-1810,item:268091,14400.0,9532800.0,14400.0
973,SDC-1450,item:773474,0.0,51200000.0,19168858.0
974,M-1430,item:268967,0.0,4419800.0,63449.326585
974,M-1810,item:268091,14400.0,9547200.0,14400.0
974,SDC-1450,item:773474,0.0,51200000.0,19168858.0
975,M-1430,item:268967,0.0,4419800.0,63449.326585
975,M-1810,item:268091,14400.0,9561600.0,18881.979575
975,SDC-1450,item:773474,0.0,51200000.0,19168858.0
976,M-1430,item:268967,0.0,4419800.0,63449.326585
976,M-1810,item:268091,14400.0,9576000.0,31495.265273
976,SDC-1450,item:773474,0.0,51200000.0,19168858.0
977,M-1430,item:268967,0.0,4419800.0,63449.326585
977,M-1810,item:268091,14400.0,9590400.0,38090.265257
977,SDC-1450,item:773474,0.0,51200000.0,19168858.0
978,M-1430,item:268967,0.0,4419800.0,63449.326585
978,M-1810,item:268091,14400.0,9604800.0,46008.979544
978,SDC-1450,item:773474,0.0,51200000.0,19168858.0
979,M-1430,item:268967,0.0,4419800.0,63449.326585
979,M-1810,item:268091,14400.0,9619200.0,53200.367316
979,SDC-1450,item:773474,0.0,51200000.0,19168858.0
980,M-1430,item:268967,0.0,4419800.0,63449.326585
980,M-1810,item:268091,0.0,9619200.0,44002.693863
980,SDC-1450,item:773474,0.0,51200000.0,19168858.0
981,M-1430,item:268967,0.0,4419800.0,63449.326585
981,M-1810,item:268091,14400.0,9633600.0,49791.979594
981,SDC-1450,item:773474,0.0,51200000.0,19168858.0
982,M-1430,item:268967,0.0,4419800.0,63449.326585
982,M-1810,item:268091,0.0,9633600.0,42032.551022
982,SDC-1450,item:773474,0.0,51200000.0,19168858.0
983,M-1430,item:268967,0.0,4419800.0,63449.326585
983,M-1810,item:268091,14400.0,9648000.0,48999.428557
983,SDC-1450,item:773474,0.0,51200000.0,19168858.0
984,M-1430,item:268967,0.0,4419800.0,63449.326585
984,M-1810,item:268091,0.0,9648000.0,41103.306093
984,SDC-1450,item:773474,0.0,51200000.0,19168858.0
985,M-1430,item:268967,0.0,4419800.0,63449.326585
985,M-1810,item:268091,14400.0,9662400.0,43706.285686
985,SDC-1450,item:773474,0.0,51200000.0,19168858.0
986,M-1430,item:268967,0.0,4419800.0,63449.326585
986,M-1810,item:268091,14400.0,9676800.0,42721.775499
986,SDC-1450,item:773474,0.0,51200000.0,19168858.0
987,M-1430,item:268967,0.0,4419800.0,63449.326585
987,M-1810,item:268091,14400.0,9691200.0,41901.081637
987,SDC-1450,item:773474,0.0,51200000.0,19168858.0
988,M-1430,item:268967,0.0,4419800.0,63449.326585
988,M-1810,item:268091,14400.0,9705600.0,44682.102046
988,SDC-1450,item:773474,0.0,51200000.0,19168858.0
989,M-1430,item:268967,0.0,4419800.0,63449.326585
989,M-1810,item:268091,14400.0,9720000.0,50751.42856
989,SDC-1450,item:773474,0.0,51200000.0,19168858.0
990,M-1430,item:268967,0.0,4419800.0,63449.326585
990,M-1810,item:268091,14400.0,9734400.0,56357.755076
990,SDC-1450,item:773474,0.0,51200000.0,19168858.0
991,M-1430,item:268967,0.0,4419800.0,63449.326585
991,M-1810,item:268091,14400.0,9748800.0,58063.183648
991,SDC-1450,item:773474,0.0,51200000.0,19168858.0
992,M-1430,item:268967,0.0,4419800.0,63449.326585
992,M-1810,item:268091,14400.0,9763200.0,51859.591828
992,SDC-1450,item:773474,0.0,51200000.0,19168858.0
993,M-1430,item:268967,0.0,4419800.0,63449.326585
993,M-1810,item:268091,14400.0,9777600.0,41210.18368
993,SDC-1450,item:773474,0.0,51200000.0,19168858.0
994,M-1430,item:268967,0.0,4419800.0,63449.326585
994,M-1810,item:268091,14400.0,9792000.0,14400.0
994,SDC-1450,item:773474,0.0,51200000.0,19168858.0
995,M-1430,item:268967,0.0,4419800.0,63449.326585
995,M-1810,item:268091,14400.0,9806400.0,14400.0
995,SDC-1450,item:773474,0.0,51200000.0,19168858.0
996,M-1430,item:268967,0.0,4419800.0,63449.326585
996,M-1810,item:268091,14400.0,9820800.0,15962.857149
996,SDC-1450,item:773474,0.0,51200000.0,19168858.0
997,M-1430,item:268967,0.0,4419800.0,63449.326585
997,M-1810,item:268091,14400.0,9835200.0,30362.857149
997,SDC-1450,item:773474,0.0,51200000.0,19168858.0
998,M-1430,item:268967,0.0,4419800.0,63449.326585
998,M-1810,item:268091,14400.0,9849600.0,41546.428561
998,SDC-1450,item:773474,0.0,51200000.0,19168858.0
999,M-1430,item:268967,0.0,4419800.0,63449.326585
999,M-1810,item:268091,14400.0,9864000.0,51116.510176
999,SDC-1450,item:773474,0.0,51200000.0,19168858.0
1000,M-1430,item:268967,0.0,4419800.0,63449.326585
1000,M-1810,item:268091,0.0,9864000.0,48662.040786
1000,SDC-1450,item:773474,0.0,51200000.0,19168858.0
1001,M-1430,item:268967,0.0,4419800.0,63449.326585
1001,M-1810,item:268091,0.0,9864000.0,48662.040786
1001,SDC-1450,item:773474,0.0,51200000.0,19168858.0
1002,M-1430,item:268967,0.0,4419800.0,63449.326585
1002,M-1810,item:268091,0.0,9864000.0,48662.040786
1002,SDC-1450,item:773474,0.0,51200000.0,19168858.0
1003,M-1430,item:268967,0.0,4419800.0,63449.326585
1003,M-1810,item:268091,0.0,9864000.0,48662.040786
1003,SDC-1450,item:773474,0.0,51200000.0,19168858.0
1004,M-1430,item:268967,0.0,4419800.0,63449.326585
1004,M-1810,item:268091,0.0,9864000.0,48662.040786
1004,SDC-1450,item:773474,0.0,51200000.0,19168858.0
1005,M-1430,item:268967,0.0,4419800.0,63449.326585
1005,M-1810,item:268091,0.0,9864000.0,48662.040786
1005,SDC-1450,item:773474,0.0,51200000.0,19168858.0
1006,M-1430,item:268967,0.0,4419800.0,63449.326585
1006,M-1810,item:268091,0.0,9864000.0,48662.040786
1006,SDC-1450,item:773474,0.0,51200000.0,19168858.0
1007,M-1430,item:268967,0.0,4419800.0,63449.326585
1007,M-1810,item:268091,0.0,9864000.0,38904.734675
1007,SDC-1450,item:773474,0.0,51200000.0,19168858.0
1008,M-1430,item:268967,0.0,4419800.0,63449.326585
1008,M-1810,item:268091,14400.0,9878400.0,32253.591829
1008,SDC-1450,item:773474,0.0,51200000.0,19168858.0
1009,M-1430,item:268967,0.0,4419800.0,63449.326585
1009,M-1810,item:268091,14400.0,9892800.0,23860.020401
1009,SDC-1450,item:773474,0.0,51200000.0,19168858.0
1010,M-1430,item:268967,0.0,4419800.0,63449.326585
1010,M-1810,item:268091,14400.0,9907200.0,14400.0
1010,SDC-1450,item:773474,0.0,51200000.0,19168858.0
1011,M-1430,item:268967,0.0,4419800.0,63449.326585
1011,M-1810,item:268091,14400.0,9921600.0,26233.979581
1011,SDC-1450,item:773474,0.0,51200000.0,19168858.0
1012,M-1430,item:268967,0.0,4419800.0,57582.142927
1012,M-1810,item:268091,14400.0,9936000.0,40633.979581
1012,SDC-1450,item:773474,0.0,51200000.0,19168858.0
1013,M-1430,item:268967,0.0,4419800.0,46484.081718
1013,M-1810,item:268091,14400.0,9950400.0,55033.979581
1013,SDC-1450,item:773474,0.0,51200000.0,19168858.0
1014,M-1430,item:268967,0.0,4419800.0,35940.163347
1014,M-1810,item:268091,0.0,9950400.0,43613.836716
1014,SDC-1450,item:773474,0.0,51200000.0,19168858.0
1015,M-1430,item:268967,0.0,4419800.0,31099.102104
1015,M-1810,item:268091,14400.0,9964800.0,46205.387735
1015,SDC-1450,item:773474,0.0,51200000.0,19168858.0
1016,M-1430,item:268967,0.0,4419800.0,31099.102104
1016,M-1810,item:268091,14400.0,9979200.0,36837.102019
1016,SDC-1450,item:773474,0.0,51200000.0,19168858.0
1017,M-1430,item:268967,0.0,4419800.0,30606.122511
1017,M-1810,item:268091,14400.0,9993600.0,27166.040793
1017,SDC-1450,item:773474,0.0,51200000.0,19168858.0
1018,M-1430,item:268967,0.0,4419800.0,24471.449039
1018,M-1810,item:268091,14400.0,10008000.0,14400.0
1018,SDC-1450,item:773474,0.0,51200000.0,19168858.0
1019,M-1430,item:268967,107800.0,4527600.0,120412.918422
1019,M-1810,item:268091,14400.0,10022400.0,28800.0
1019,SDC-1450,item:773474,0.0,51200000.0,19168858.0
1020,M-1430,item:268967,0.0,4527600.0,107289.48985
1020,M-1810,item:268091,14400.0,10036800.0,32628.408139
1020,SDC-1450,item:773474,0.0,51200000.0,19168858.0
1021,M-1430,item:268967,0.0,4527600.0,97910.775571
1021,M-1810,item:268091,14400.0,10051200.0,47028.408139
1021,SDC-1450,item:773474,0.0,51200000.0,19168858.0
1022,M-1430,item:268967,0.0,4527600.0,93320.408232
1022,M-1810,item:268091,14400.0,10065600.0,59490.244878
1022,SDC-1450,item:773474,0.0,51200000.0,19168858.0
1023,M-1430,item:268967,0.0,4527600.0,89552.408236
1023,M-1810,item:268091,14400.0,10080000.0,58701.102026
1023,SDC-1450,item:773474,0.0,51200000.0,19168858.0
1024,M-1430,item:268967,0.0,4527600.0,81597.163335
1024,M-1810,item:268091,14400.0,10094400.0,44496.734687
1024,SDC-1450,item:773474,0.0,51200000.0,19168858.0
1025,M-1430,item:268967,0.0,4527600.0,68411.040882
1025,M-1810,item:268091,14400.0,10108800.0,33840.204073
1025,SDC-1450,item:773474,0.0,51200000.0,19168858.0
1026,M-1430,item:268967,0.0,4527600.0,53960.020474
1026,M-1810,item:268091,14400.0,10123200.0,38044.326516
1026,SDC-1450,item:773474,0.0,51200000.0,19168858.0
1027,M-1430,item:268967,0.0,4527600.0,53960.020474
1027,M-1810,item:268091,14400.0,10137600.0,52444.326516
1027,SDC-1450,item:773474,0.0,51200000.0,19168858.0
1028,M-1430,item:268967,0.0,4527600.0,53960.020474
1028,M-1810,item:268091,0.0,10137600.0,52444.326516
1028,SDC-1450,item:773474,0.0,51200000.0,19168858.0
1029,M-1430,item:268967,0.0,4527600.0,53960.020474
1029,M-1810,item:268091,0.0,10137600.0,52444.326516
1029,SDC-1450,item:773474,0.0,51200000.0,19168858.0
1030,M-1430,item:268967,0.0,4527600.0,53960.020474
1030,M-1810,item:268091,0.0,10137600.0,52444.326516
1030,SDC-1450,item:773474,0.0,51200000.0,19168858.0
1031,M-1430,item:268967,0.0,4527600.0,53960.020474
1031,M-1810,item:268091,0.0,10137600.0,52444.326516
1031,SDC-1450,item:773474,0.0,51200000.0,19168858.0
1032,M-1430,item:268967,0.0,4527600.0,53960.020474
1032,M-1810,item:268091,0.0,10137600.0,52444.326516
1032,SDC-1450,item:773474,0.0,51200000.0,19168858.0
1033,M-1430,item:268967,0.0,4527600.0,53960.020474
1033,M-1810,item:268091,0.0,10137600.0,52444.326516
1033,SDC-1450,item:773474,0.0,51200000.0,19168858.0
1034,M-1430,item:268967,0.0,4527600.0,53508.285788
1034,M-1810,item:268091,0.0,10137600.0,52444.326516
1034,SDC-1450,item:773474,0.0,51200000.0,19168858.0
1035,M-1430,item:268967,0.0,4527600.0,40828.000074
1035,M-1810,item:268091,0.0,10137600.0,43784.16325
1035,SDC-1450,item:773474,0.0,51200000.0,19168858.0
1036,M-1430,item:268967,107800.0,4635400.0,122714.000075
1036,M-1810,item:268091,14400.0,10152000.0,35411.734678
1036,SDC-1450,item:773474,0.0,51200000.0,19168858.0
1037,M-1430,item:268967,0.0,4635400.0,95693.142933
1037,M-1810,item:268091,14400.0,10166400.0,14400.0
1037,SDC-1450,item:773474,0.0,51200000.0,19168858.0
1038,M-1430,item:268967,0.0,4635400.0,95693.142933
1038,M-1810,item:268091,14400.0,10180800.0,14400.0
1038,SDC-1450,item:773474,0.0,51200000.0,19168858.0
1039,M-1430,item:268967,0.0,4635400.0,92372.571505
1039,M-1810,item:268091,14400.0,10195200.0,28153.714273
1039,SDC-1450,item:773474,0.0,51200000.0,19168858.0
1040,M-1430,item:268967,0.0,4635400.0,73604.571505
1040,M-1810,item:268091,14400.0,10209600.0,40607.571404
1040,SDC-1450,item:773474,0.0,51200000.0,19168858.0
1041,M-1430,item:268967,0.0,4635400.0,58157.142934
1041,M-1810,item:268091,0.0,10209600.0,37749.326507
1041,SDC-1450,item:773474,0.0,51200000.0,19168858.0
1042,M-1430,item:268967,0.0,4635400.0,58157.142934
1042,M-1810,item:268091,0.0,10209600.0,35851.163253
1042,SDC-1450,item:773474,0.0,51200000.0,19168858.0
1043,M-1430,item:268967,0.0,4635400.0,58157.142934
1043,M-1810,item:268091,0.0,10209600.0,35851.163253
1043,SDC-1450,item:773474,0.0,51200000.0,19168858.0
1044,M-1430,item:268967,0.0,4635400.0,58157.142934
1044,M-1810,item:268091,0.0,10209600.0,35851.163253
1044,SDC-1450,item:773474,0.0,51200000.0,19168858.0
1045,M-1430,item:268967,0.0,4635400.0,58157.142934
1045,M-1810,item:268091,0.0,10209600.0,35851.163253
1045,SDC-1450,item:773474,0.0,51200000.0,19168858.0
1046,M-1430,item:268967,0.0,4635400.0,58157.142934
1046,M-1810,item:268091,0.0,10209600.0,35851.163253
1046,SDC-1450,item:773474,0.0,51200000.0,19168858.0
1047,M-1430,item:268967,0.0,4635400.0,58157.142934
1047,M-1810,item:268091,0.0,10209600.0,35851.163253
1047,SDC-1450,item:773474,0.0,51200000.0,19168858.0
1048,M-1430,item:268967,0.0,4635400.0,58157.142934
1048,M-1810,item:268091,14400.0,10224000.0,31521.591821
1048,SDC-1450,item:773474,0.0,51200000.0,19168858.0
1049,M-1430,item:268967,0.0,4635400.0,58157.142934
1049,M-1810,item:268091,14400.0,10238400.0,14400.0
1049,SDC-1450,item:773474,0.0,51200000.0,19168858.0
1050,M-1430,item:268967,0.0,4635400.0,58157.142934
1050,M-1810,item:268091,14400.0,10252800.0,14400.0
1050,SDC-1450,item:773474,0.0,51200000.0,19168858.0
1051,M-1430,item:268967,0.0,4635400.0,58157.142934
1051,M-1810,item:268091,14400.0,10267200.0,14400.0
1051,SDC-1450,item:773474,0.0,51200000.0,19168858.0
1052,M-1430,item:268967,0.0,4635400.0,57936.59191
1052,M-1810,item:268091,28800.0,10296000.0,28800.0
1052,SDC-1450,item:773474,0.0,51200000.0,19168858.0
1053,M-1430,item:268967,0.0,4635400.0,50262.020478
1053,M-1810,item:268091,28800.0,10324800.0,28800.0
1053,SDC-1450,item:773474,0.0,51200000.0,19168858.0
1054,M-1430,item:268967,0.0,4635400.0,42847.857216
1054,M-1810,item:268091,28800.0,10353600.0,28800.0
1054,SDC-1450,item:773474,0.0,51200000.0,19168858.0
1055,M-1430,item:268967,0.0,4635400.0,26558.489873
1055,M-1810,item:268091,28800.0,10382400.0,28800.0
1055,SDC-1450,item:773474,0.0,51200000.0,19168858.0
1056,M-1430,item:268967,107800.0,4743200.0,116356.734773
1056,M-1810,item:268091,28800.0,10411200.0,28800.0
1056,SDC-1450,item:773474,0.0,51200000.0,19168858.0
1057,M-1430,item:268967,0.0,4743200.0,105266.449057
1057,M-1810,item:268091,28800.0,10440000.0,28800.0
1057,SDC-1450,item:773474,0.0,51200000.0,19168858.0
1058,M-1430,item:268967,0.0,4743200.0,84546.918445
1058,M-1810,item:268091,28800.0,10468800.0,28800.0
1058,SDC-1450,item:773474,0.0,51200000.0,19168858.0
1059,M-1430,item:268967,0.0,4743200.0,84546.918445
1059,M-1810,item:268091,28800.0,10497600.0,28800.0
1059,SDC-1450,item:773474,0.0,51200000.0,19168858.0
1060,M-1430,item:268967,0.0,4743200.0,84546.918445
1060,M-1810,item:268091,28800.0,10526400.0,28800.0
1060,SDC-1450,item:773474,0.0,51200000.0,19168858.0
1061,M-1430,item:268967,0.0,4743200.0,83243.142938
1061,M-1810,item:268091,28800.0,10555200.0,29628.999984
1061,SDC-1450,item:773474,0.0,51200000.0,19168858.0
1062,M-1430,item:268967,0.0,4743200.0,80446.46947
1062,M-1810,item:268091,14400.0,10569600.0,42295.122417
1062,SDC-1450,item:773474,0.0,51200000.0,19168858.0
1063,M-1430,item:268967,0.0,4743200.0,77818.77559
1063,M-1810,item:268091,14400.0,10584000.0,56695.122417
1063,SDC-1450,item:773474,0.0,51200000.0,19168858.0
1064,M-1430,item:268967,0.0,4743200.0,77211.061299
1064,M-1810,item:268091,0.0,10584000.0,56695.122417
1064,SDC-1450,item:773474,0.0,51200000.0,19168858.0
1065,M-1430,item:268967,0.0,4743200.0,77211.061299
1065,M-1810,item:268091,0.0,10584000.0,56695.122417
1065,SDC-1450,item:773474,0.0,51200000.0,19168858.0
1066,M-1430,item:268967,0.0,4743200.0,77211.061299
1066,M-1810,item:268091,0.0,10584000.0,56695.122417
1066,SDC-1450,item:773474,0.0,51200000.0,19168858.0
1067,M-1430,item:268967,0.0,4743200.0,77211.061299
1067,M-1810,item:268091,0.0,10584000.0,56695.122417
1067,SDC-1450,item:773474,0.0,51200000.0,19168858.0
1068,M-1430,item:268967,0.0,4743200.0,77211.061299
1068,M-1810,item:268091,0.0,10584000.0,56695.122417
1068,SDC-1450,item:773474,0.0,51200000.0,19168858.0
1069,M-1430,item:268967,0.0,4743200.0,74998.34701
1069,M-1810,item:268091,0.0,10584000.0,56695.122417
1069,SDC-1450,item:773474,0.0,51200000.0,19168858.0
1070,M-1430,item:268967,0.0,4743200.0,69619.898032
1070,M-1810,item:268091,0.0,10584000.0,56695.122417
1070,SDC-1450,item:773474,0.0,51200000.0,19168858.0
1071,M-1430,item:268967,0.0,4743200.0,58799.204156
1071,M-1810,item:268091,0.0,10584000.0,52497.795902
1071,SDC-1450,item:773474,0.0,51200000.0,19168858.0
1072,M-1430,item:268967,0.0,4743200.0,47850.918444
1072,M-1810,item:268091,14400.0,10598400.0,50471.999999
1072,SDC-1450,item:773474,0.0,51200000.0,19168858.0
1073,M-1430,item:268967,0.0,4743200.0,47850.918444
1073,M-1810,item:268091,14400.0,10612800.0,40282.265303
1073,SDC-1450,item:773474,0.0,51200000.0,19168858.0
1074,M-1430,item:268967,0.0,4743200.0,47468.142935
1074,M-1810,item:268091,14400.0,10627200.0,34024.265285
1074,SDC-1450,item:773474,0.0,51200000.0,19168858.0
1075,M-1430,item:268967,0.0,4743200.0,41387.938855
1075,M-1810,item:268091,14400.0,10641600.0,39729.142819
1075,SDC-1450,item:773474,0.0,51200000.0,19168858.0
1076,M-1430,item:268967,0.0,4743200.0,25543.775592
1076,M-1810,item:268091,14400.0,10656000.0,35557.979555
1076,SDC-1450,item:773474,0.0,51200000.0,19168858.0
1077,M-1430,item:268967,107800.0,4851000.0,107800.0
1077,M-1810,item:268091,28800.0,10684800.0,28800.0
1077,SDC-1450,item:773474,0.0,51200000.0,19168858.0
1078,M-1430,item:268967,0.0,4851000.0,86438.040818
1078,M-1810,item:268091,28800.0,10713600.0,28800.0
1078,SDC-1450,item:773474,0.0,51200000.0,19168858.0
1079,M-1430,item:268967,0.0,4851000.0,53860.857146
1079,M-1810,item:268091,28800.0,10742400.0,28800.0
1079,SDC-1450,item:773474,0.0,51200000.0,19168858.0
1080,M-1430,item:268967,0.0,4851000.0,53860.857146
1080,M-1810,item:268091,28800.0,10771200.0,28800.0
1080,SDC-1450,item:773474,0.0,51200000.0,19168858.0
1081,M-1430,item:268967,0.0,4851000.0,53860.857146
1081,M-1810,item:268091,28800.0,10800000.0,28800.0
1081,SDC-1450,item:773474,0.0,51200000.0,19168858.0
1082,M-1430,item:268967,0.0,4851000.0,53860.857146
1082,M-1810,item:268091,28800.0,10828800.0,28800.0
1082,SDC-1450,item:773474,0.0,51200000.0,19168858.0
1083,M-1430,item:268967,0.0,4851000.0,53860.857146
1083,M-1810,item:268091,28800.0,10857600.0,28800.0
1083,SDC-1450,item:773474,0.0,51200000.0,19168858.0
1084,M-1430,item:268967,0.0,4851000.0,53860.857146
1084,M-1810,item:268091,28800.0,10886400.0,28800.0
1084,SDC-1450,item:773474,0.0,51200000.0,19168858.0
1085,M-1430,item:268967,0.0,4851000.0,53860.857146
1085,M-1810,item:268091,28800.0,10915200.0,28800.0
1085,SDC-1450,item:773474,0.0,51200000.0,19168858.0
1086,M-1430,item:268967,0.0,4851000.0,53860.857146
1086,M-1810,item:268091,28800.0,10944000.0,42079.020394
1086,SDC-1450,item:773474,0.0,51200000.0,19168858.0
1087,M-1430,item:268967,0.0,4851000.0,53860.857146
1087,M-1810,item:268091,14400.0,10958400.0,56479.020394
1087,SDC-1450,item:773474,0.0,51200000.0,19168858.0
1088,M-1430,item:268967,0.0,4851000.0,53860.857146
1088,M-1810,item:268091,14400.0,10972800.0,70879.020394
1088,SDC-1450,item:773474,0.0,51200000.0,19168858.0
1089,M-1430,item:268967,0.0,4851000.0,53860.857146
1089,M-1810,item:268091,0.0,10972800.0,66494.857131
1089,SDC-1450,item:773474,0.0,51200000.0,19168858.0
1090,M-1430,item:268967,0.0,4851000.0,53860.857146
1090,M-1810,item:268091,0.0,10972800.0,62110.693868
1090,SDC-1450,item:773474,0.0,51200000.0,19168858.0
1091,M-1430,item:268967,0.0,4851000.0,53860.857146
1091,M-1810,item:268091,0.0,10972800.0,62110.693868
1091,SDC-1450,item:773474,0.0,51200000.0,19168858.0
1092,M-1430,item:268967,0.0,4851000.0,53860.857146
1092,M-1810,item:268091,0.0,10972800.0,62110.693868
1092,SDC-1450,item:773474,0.0,51200000.0,19168858.0
1093,M-1430,item:268967,0.0,4851000.0,53860.857146
1093,M-1810,item:268091,0.0,10972800.0,62110.693868
1093,SDC-1450,item:773474,0.0,51200000.0,19168858.0
1094,M-1430,item:268967,0.0,4851000.0,53860.857146
1094,M-1810,item:268091,0.0,10972800.0,62110.693868
1094,SDC-1450,item:773474,0.0,51200000.0,19168858.0
1095,M-1430,item:268967,0.0,4851000.0,53860.857146
1095,M-1810,item:268091,0.0,10972800.0,62110.693868
1095,SDC-1450,item:773474,0.0,51200000.0,19168858.0
1096,M-1430,item:268967,0.0,4851000.0,53860.857146
1096,M-1810,item:268091,0.0,10972800.0,62110.693868
1096,SDC-1450,item:773474,0.0,51200000.0,19168858.0
1097,M-1430,item:268967,0.0,4851000.0,53860.857146
1097,M-1810,item:268091,0.0,10972800.0,62110.693868
1097,SDC-1450,item:773474,0.0,51200000.0,19168858.0
1098,M-1430,item:268967,0.0,4851000.0,53860.857146
1098,M-1810,item:268091,0.0,10972800.0,62110.693868
1098,SDC-1450,item:773474,0.0,51200000.0,19168858.0
1099,M-1430,item:268967,0.0,4851000.0,53860.857146
1099,M-1810,item:268091,0.0,10972800.0,62110.693868
1099,SDC-1450,item:773474,0.0,51200000.0,19168858.0
1100,M-1430,item:268967,0.0,4851000.0,53860.857146
1100,M-1810,item:268091,0.0,10972800.0,62110.693868
1100,SDC-1450,item:773474,0.0,51200000.0,19168858.0
1101,M-1430,item:268967,0.0,4851000.0,43364.204159
1101,M-1810,item:268091,0.0,10972800.0,62110.693868
1101,SDC-1450,item:773474,0.0,51200000.0,19168858.0
1102,M-1430,item:268967,107800.0,4958800.0,128078.510355
1102,M-1810,item:268091,0.0,10972800.0,62110.693868
1102,SDC-1450,item:773474,0.0,51200000.0,19168858.0
1103,M-1430,item:268967,0.0,4958800.0,102372.734843
1103,M-1810,item:268091,0.0,10972800.0,62110.693868
1103,SDC-1450,item:773474,0.0,51200000.0,19168858.0
1104,M-1430,item:268967,0.0,4958800.0,86108.224564
1104,M-1810,item:268091,0.0,10972800.0,62110.693868
1104,SDC-1450,item:773474,0.0,51200000.0,19168858.0
1105,M-1430,item:268967,0.0,4958800.0,86108.224564
1105,M-1810,item:268091,0.0,10972800.0,62110.693868
1105,SDC-1450,item:773474,0.0,51200000.0,19168858.0
1106,M-1430,item:268967,0.0,4958800.0,86108.224564
1106,M-1810,item:268091,0.0,10972800.0,62110.693868
1106,SDC-1450,item:773474,0.0,51200000.0,19168858.0
1107,M-1430,item:268967,0.0,4958800.0,86108.224564
1107,M-1810,item:268091,0.0,10972800.0,62110.693868
1107,SDC-1450,item:773474,0.0,51200000.0,19168858.0
1108,M-1430,item:268967,0.0,4958800.0,86108.224564
1108,M-1810,item:268091,0.0,10972800.0,62110.693868
1108,SDC-1450,item:773474,0.0,51200000.0,19168858.0
1109,M-1430,item:268967,0.0,4958800.0,86108.224564
1109,M-1810,item:268091,0.0,10972800.0,62110.693868
1109,SDC-1450,item:773474,0.0,51200000.0,19168858.0
1110,M-1430,item:268967,0.0,4958800.0,86108.224564
1110,M-1810,item:268091,0.0,10972800.0,62110.693868
1110,SDC-1450,item:773474,0.0,51200000.0,19168858.0
1111,M-1430,item:268967,0.0,4958800.0,86108.224564
1111,M-1810,item:268091,0.0,10972800.0,62110.693868
1111,SDC-1450,item:773474,0.0,51200000.0,19168858.0
1112,M-1430,item:268967,0.0,4958800.0,86108.224564
1112,M-1810,item:268091,0.0,10972800.0,53826.877531
1112,SDC-1450,item:773474,0.0,51200000.0,19168858.0
1113,M-1430,item:268967,0.0,4958800.0,86108.224564
1113,M-1810,item:268091,14400.0,10987200.0,42735.244867
1113,SDC-1450,item:773474,0.0,51200000.0,19168858.0
1114,M-1430,item:268967,0.0,4958800.0,86108.224564
1114,M-1810,item:268091,14400.0,11001600.0,22104.489764
1114,SDC-1450,item:773474,0.0,51200000.0,19168858.0
1115,M-1430,item:268967,0.0,4958800.0,86108.224564
1115,M-1810,item:268091,14400.0,11016000.0,14400.0
1115,SDC-1450,item:773474,0.0,51200000.0,19168858.0
1116,M-1430,item:268967,0.0,4958800.0,86108.224564
1116,M-1810,item:268091,14400.0,11030400.0,28800.0
1116,SDC-1450,item:773474,0.0,51200000.0,19168858.0
1117,M-1430,item:268967,0.0,4958800.0,84480.571499
1117,M-1810,item:268091,14400.0,11044800.0,33636.571406
1117,SDC-1450,item:773474,0.0,51200000.0,19168858.0
1118,M-1430,item:268967,0.0,4958800.0,79466.918434
1118,M-1810,item:268091,14400.0,11059200.0,18189.71424
1118,SDC-1450,item:773474,0.0,51200000.0,19168858.0
1119,M-1430,item:268967,0.0,4958800.0,70000.102107
1119,M-1810,item:268091,14400.0,11073600.0,14400.0
1119,SDC-1450,item:773474,0.0,51200000.0,19168858.0
1120,M-1430,item:268967,0.0,4958800.0,59321.306195
1120,M-1810,item:268091,14400.0,11088000.0,20937.83676
1120,SDC-1450,item:773474,0.0,51200000.0,19168858.0
1121,M-1430,item:268967,0.0,4958800.0,42272.061304
1121,M-1810,item:268091,14400.0,11102400.0,35337.83676
1121,SDC-1450,item:773474,0.0,51200000.0,19168858.0
1122,M-1430,item:268967,0.0,4958800.0,38853.163347
1122,M-1810,item:268091,14400.0,11116800.0,49737.83676
1122,SDC-1450,item:773474,0.0,51200000.0,19168858.0
1123,M-1430,item:268967,0.0,4958800.0,38853.163347
1123,M-1810,item:268091,14400.0,11131200.0,57620.897943
1123,SDC-1450,item:773474,0.0,51200000.0,19168858.0
1124,M-1430,item:268967,0.0,4958800.0,38853.163347
1124,M-1810,item:268091,0.0,11131200.0,43250.204026
1124,SDC-1450,item:773474,0.0,51200000.0,19168858.0
1125,M-1430,item:268967,0.0,4958800.0,35487.714366
1125,M-1810,item:268091,14400.0,11145600.0,35616.652969
1125,SDC-1450,item:773474,0.0,51200000.0,19168858.0
1126,M-1430,item:268967,0.0,4958800.0,29530.18375
1126,M-1810,item:268091,14400.0,11160000.0,40444.285663
1126,SDC-1450,item:773474,0.0,51200000.0,19168858.0
1127,M-1430,item:268967,0.0,4958800.0,24501.367423
1127,M-1810,item:268091,14400.0,11174400.0,54844.285663
1127,SDC-1450,item:773474,0.0,51200000.0,19168858.0
1128,M-1430,item:268967,0.0,4958800.0,23148.693954
1128,M-1810,item:268091,0.0,11174400.0,54844.285663
1128,SDC-1450,item:773474,0.0,51200000.0,19168858.0
1129,M-1430,item:268967,0.0,4958800.0,23148.693954
1129,M-1810,item:268091,0.0,11174400.0,52362.081614
1129,SDC-1450,item:773474,0.0,51200000.0,19168858.0
1130,M-1430,item:268967,0.0,4958800.0,23148.693954
1130,M-1810,item:268091,0.0,11174400.0,41962.489808
1130,SDC-1450,item:773474,0.0,51200000.0,19168858.0
1131,M-1430,item:268967,0.0,4958800.0,22265.428646
1131,M-1810,item:268091,14400.0,11188800.0,40654.9796
1131,SDC-1450,item:773474,0.0,51200000.0,19168858.0
1132,M-1430,item:268967,0.0,4958800.0,19722.163338
1132,M-1810,item:268091,14400.0,11203200.0,42084.204053
1132,SDC-1450,item:773474,0.0,51200000.0,19168858.0
1133,M-1430,item:268967,107800.0,5066600.0,115561.69395
1133,M-1810,item:268091,14400.0,11217600.0,39178.040752
1133,SDC-1450,item:773474,0.0,51200000.0,19168858.0
1134,M-1430,item:268967,0.0,5066600.0,107373.449055
1134,M-1810,item:268091,0.0,11217600.0,39178.040752
1134,SDC-1450,item:773474,0.0,51200000.0,19168858.0
1135,M-1430,item:268967,0.0,5066600.0,88022.65314
1135,M-1810,item:268091,0.0,11217600.0,39178.040752
1135,SDC-1450,item:773474,0.0,51200000.0,19168858.0
1136,M-1430,item:268967,0.0,5066600.0,57078.265389
1136,M-1810,item:268091,0.0,11217600.0,39178.040752
1136,SDC-1450,item:773474,0.0,51200000.0,19168858.0
1137,M-1430,item:268967,0.0,5066600.0,41648.285795
1137,M-1810,item:268091,0.0,11217600.0,39178.040752
1137,SDC-1450,item:773474,0.0,51200000.0,19168858.0
1138,M-1430,item:268967,107800.0,5174400.0,121562.632733
1138,M-1810,item:268091,0.0,11217600.0,39178.040752
1138,SDC-1450,item:773474,0.0,51200000.0,19168858.0
1139,M-1430,item:268967,0.0,5174400.0,96220.244979
1139,M-1810,item:268091,0.0,11217600.0,39178.040752
1139,SDC-1450,item:773474,0.0,51200000.0,19168858.0
1140,M-1430,item:268967,0.0,5174400.0,96220.244979
1140,M-1810,item:268091,14400.0,11232000.0,40947.183658
1140,SDC-1450,item:773474,0.0,51200000.0,19168858.0
1141,M-1430,item:268967,0.0,5174400.0,96220.244979
1141,M-1810,item:268091,14400.0,11246400.0,19240.693911
1141,SDC-1450,item:773474,0.0,51200000.0,19168858.0
1142,M-1430,item:268967,0.0,5174400.0,96220.244979
1142,M-1810,item:268091,14400.0,11260800.0,14400.0
1142,SDC-1450,item:773474,0.0,51200000.0,19168858.0
1143,M-1430,item:268967,0.0,5174400.0,96220.244979
1143,M-1810,item:268091,14400.0,11275200.0,14400.0
1143,SDC-1450,item:773474,0.0,51200000.0,19168858.0
1144,M-1430,item:268967,0.0,5174400.0,96220.244979
1144,M-1810,item:268091,14400.0,11289600.0,14400.0
1144,SDC-1450,item:773474,0.0,51200000.0,19168858.0
1145,M-1430,item:268967,0.0,5174400.0,96220.244979
1145,M-1810,item:268091,14400.0,11304000.0,14400.0
1145,SDC-1450,item:773474,0.0,51200000.0,19168858.0
1146,M-1430,item:268967,0.0,5174400.0,96220.244979
1146,M-1810,item:268091,14400.0,11318400.0,14400.0
1146,SDC-1450,item:773474,0.0,51200000.0,19168858.0
1147,M-1430,item:268967,0.0,5174400.0,96220.244979
1147,M-1810,item:268091,14400.0,11332800.0,14400.0
1147,SDC-1450,item:773474,0.0,51200000.0,19168858.0
1148,M-1430,item:268967,0.0,5174400.0,96220.244979
1148,M-1810,item:268091,14400.0,11347200.0,14400.0
1148,SDC-1450,item:773474,0.0,51200000.0,19168858.0
1149,M-1430,item:268967,0.0,5174400.0,96220.244979
1149,M-1810,item:268091,14400.0,11361600.0,14400.0
1149,SDC-1450,item:773474,0.0,51200000.0,19168858.0
1150,M-1430,item:268967,0.0,5174400.0,96220.244979
1150,M-1810,item:268091,14400.0,11376000.0,14400.0
1150,SDC-1450,item:773474,0.0,51200000.0,19168858.0
1151,M-1430,item:268967,0.0,5174400.0,96220.244979
1151,M-1810,item:268091,14400.0,11390400.0,14400.0
1151,SDC-1450,item:773474,0.0,51200000.0,19168858.0
1152,M-1430,item:268967,0.0,5174400.0,91724.428642
1152,M-1810,item:268091,14400.0,11404800.0,14400.0
1152,SDC-1450,item:773474,0.0,51200000.0,19168858.0
1153,M-1430,item:268967,0.0,5174400.0,76512.183734
1153,M-1810,item:268091,14400.0,11419200.0,14400.0
1153,SDC-1450,item:773474,0.0,51200000.0,19168858.0
1154,M-1430,item:268967,0.0,5174400.0,64664.285774
1154,M-1810,item:268091,14400.0,11433600.0,14400.0
1154,SDC-1450,item:773474,0.0,51200000.0,19168858.0
1155,M-1430,item:268967,0.0,5174400.0,64664.285774
1155,M-1810,item:268091,14400.0,11448000.0,14400.0
1155,SDC-1450,item:773474,0.0,51200000.0,19168858.0
1156,M-1430,item:268967,0.0,5174400.0,64664.285774
1156,M-1810,item:268091,14400.0,11462400.0,14400.0
1156,SDC-1450,item:773474,0.0,51200000.0,19168858.0
1157,M-1430,item:268967,0.0,5174400.0,64664.285774
1157,M-1810,item:268091,14400.0,11476800.0,14400.0
1157,SDC-1450,item:773474,0.0,51200000.0,19168858.0
1158,M-1430,item:268967,0.0,5174400.0,64664.285774
1158,M-1810,item:268091,14400.0,11491200.0,14400.0
1158,SDC-1450,item:773474,0.0,51200000.0,19168858.0
1159,M-1430,item:268967,0.0,5174400.0,64664.285774
1159,M-1810,item:268091,14400.0,11505600.0,14400.0
1159,SDC-1450,item:773474,0.0,51200000.0,19168858.0
1160,M-1430,item:268967,0.0,5174400.0,64664.285774
1160,M-1810,item:268091,14400.0,11520000.0,15943.999985
1160,SDC-1450,item:773474,0.0,51200000.0,19168858.0
1161,M-1430,item:268967,0.0,5174400.0,64664.285774
1161,M-1810,item:268091,14400.0,11534400.0,30343.999985
1161,SDC-1450,item:773474,0.0,51200000.0,19168858.0
1162,M-1430,item:268967,0.0,5174400.0,63090.91844
1162,M-1810,item:268091,14400.0,11548800.0,44325.51019
1162,SDC-1450,item:773474,0.0,51200000.0,19168858.0
1163,M-1430,item:268967,0.0,5174400.0,53831.69395
1163,M-1810,item:268091,14400.0,11563200.0,51276.816313
1163,SDC-1450,item:773474,0.0,51200000.0,19168858.0
1164,M-1430,item:268967,0.0,5174400.0,35005.408235
1164,M-1810,item:268091,14400.0,11577600.0,51450.612233
1164,SDC-1450,item:773474,0.0,51200000.0,19168858.0
1165,M-1430,item:268967,0.0,5174400.0,34389.734766
1165,M-1810,item:268091,14400.0,11592000.0,52966.775498
1165,SDC-1450,item:773474,0.0,51200000.0,19168858.0
1166,M-1430,item:268967,107800.0,5282200.0,131391.326602
1166,M-1810,item:268091,0.0,11592000.0,48037.020395
1166,SDC-1450,item:773474,0.0,51200000.0,19168858.0
1167,M-1430,item:268967,0.0,5282200.0,110718.020479
1167,M-1810,item:268091,0.0,11592000.0,48037.020395
1167,SDC-1450,item:773474,0.0,51200000.0,19168858.0
1168,M-1430,item:268967,0.0,5282200.0,97886.040888
1168,M-1810,item:268091,14400.0,11606400.0,55394.897946
1168,SDC-1450,item:773474,0.0,51200000.0,19168858.0
1169,M-1430,item:268967,0.0,5282200.0,97886.040888
1169,M-1810,item:268091,14400.0,11620800.0,48556.285701
1169,SDC-1450,item:773474,0.0,51200000.0,19168858.0
1170,M-1430,item:268967,0.0,5282200.0,97886.040888
1170,M-1810,item:268091,14400.0,11635200.0,34273.346924
1170,SDC-1450,item:773474,0.0,51200000.0,19168858.0
1171,M-1430,item:268967,0.0,5282200.0,97886.040888
1171,M-1810,item:268091,14400.0,11649600.0,26452.612229
1171,SDC-1450,item:773474,0.0,51200000.0,19168858.0
1172,M-1430,item:268967,0.0,5282200.0,97886.040888
1172,M-1810,item:268091,14400.0,11664000.0,32248.448963
1172,SDC-1450,item:773474,0.0,51200000.0,19168858.0
1173,M-1430,item:268967,0.0,5282200.0,97886.040888
1173,M-1810,item:268091,14400.0,11678400.0,44908.693861
1173,SDC-1450,item:773474,0.0,51200000.0,19168858.0
1174,M-1430,item:268967,0.0,5282200.0,97886.040888
1174,M-1810,item:268091,14400.0,11692800.0,50526.81631
1174,SDC-1450,item:773474,0.0,51200000.0,19168858.0
1175,M-1430,item:268967,0.0,5282200.0,97886.040888
1175,M-1810,item:268091,14400.0,11707200.0,44763.551003
1175,SDC-1450,item:773474,0.0,51200000.0,19168858.0
1176,M-1430,item:268967,0.0,5282200.0,96747.224567
1176,M-1810,item:268091,14400.0,11721600.0,34558.734677
1176,SDC-1450,item:773474,0.0,51200000.0,19168858.0
1177,M-1430,item:268967,0.0,5282200.0,91354.204163
1177,M-1810,item:268091,14400.0,11736000.0,48958.734677
1177,SDC-1450,item:773474,0.0,51200000.0,19168858.0
1178,M-1430,item:268967,0.0,5282200.0,82870.632731
1178,M-1810,item:268091,14400.0,11750400.0,56768.285697
1178,SDC-1450,item:773474,0.0,51200000.0,19168858.0
1179,M-1430,item:268967,0.0,5282200.0,75575.551089
1179,M-1810,item:268091,14400.0,11764800.0,51047.551003
1179,SDC-1450,item:773474,0.0,51200000.0,19168858.0
1180,M-1430,item:268967,0.0,5282200.0,72584.346999
1180,M-1810,item:268091,14400.0,11779200.0,58405.428554
1180,SDC-1450,item:773474,0.0,51200000.0,19168858.0
1181,M-1430,item:268967,0.0,5282200.0,68429.489854
1181,M-1810,item:268091,14400.0,11793600.0,52028.448962
1181,SDC-1450,item:773474,0.0,51200000.0,19168858.0
1182,M-1430,item:268967,0.0,5282200.0,59057.265363
1182,M-1810,item:268091,0.0,11793600.0,52028.448962
1182,SDC-1450,item:773474,0.0,51200000.0,19168858.0
1183,M-1430,item:268967,0.0,5282200.0,48574.877609
1183,M-1810,item:268091,0.0,11793600.0,49549.204063
1183,SDC-1450,item:773474,0.0,51200000.0,19168858.0
1184,M-1430,item:268967,0.0,5282200.0,48574.877609
1184,M-1810,item:268091,0.0,11793600.0,43039.163246
1184,SDC-1450,item:773474,0.0,51200000.0,19168858.0
1185,M-1430,item:268967,0.0,5282200.0,48574.877609
1185,M-1810,item:268091,14400.0,11808000.0,47384.918346
1185,SDC-1450,item:773474,0.0,51200000.0,19168858.0
1186,M-1430,item:268967,0.0,5282200.0,48574.877609
1186,M-1810,item:268091,0.0,11808000.0,47384.918346
1186,SDC-1450,item:773474,0.0,51200000.0,19168858.0
1187,M-1430,item:268967,0.0,5282200.0,43705.571502
1187,M-1810,item:268091,0.0,11808000.0,47384.918346
1187,SDC-1450,item:773474,0.0,51200000.0,19168858.0
1188,M-1430,item:268967,0.0,5282200.0,33332.979682
1188,M-1810,item:268091,0.0,11808000.0,47384.918346
1188,SDC-1450,item:773474,0.0,51200000.0,19168858.0
1189,M-1430,item:268967,0.0,5282200.0,21597.938868
1189,M-1810,item:268091,0.0,11808000.0,44362.387734
1189,SDC-1450,item:773474,0.0,51200000.0,19168858.0
1190,M-1430,item:268967,107800.0,5390000.0,121710.693956
1190,M-1810,item:268091,0.0,11808000.0,37347.632633
1190,SDC-1450,item:773474,0.0,51200000.0,19168858.0
1191,M-1430,item:268967,0.0,5390000.0,119340.653125
1191,M-1810,item:268091,0.0,11808000.0,29669.714267
1191,SDC-1450,item:773474,0.0,51200000.0,19168856.0
1192,M-1430,item:268967,0.0,5390000.0,110459.734743
1192,M-1810,item:268091,14400.0,11822400.0,40027.387736
1192,SDC-1450,item:773474,0.0,51200000.0,19168856.0
1193,M-1430,item:268967,0.0,5390000.0,105032.183739
1193,M-1810,item:268091,0.0,11822400.0,40027.387736
1193,SDC-1450,item:773474,0.0,51200000.0,19168856.0
1194,M-1430,item:268967,0.0,5390000.0,101788.591933
1194,M-1810,item:268091,0.0,11822400.0,40027.387736
1194,SDC-1450,item:773474,0.0,51200000.0,19168856.0
1195,M-1430,item:268967,0.0,5390000.0,97182.551133
1195,M-1810,item:268091,0.0,11822400.0,39406.999982
1195,SDC-1450,item:773474,0.0,51200000.0,19168856.0
1196,M-1430,item:268967,0.0,5390000.0,97182.551133
1196,M-1810,item:268091,14400.0,11836800.0,33598.551003
1196,SDC-1450,item:773474,0.0,51200000.0,19168856.0
1197,M-1430,item:268967,0.0,5390000.0,97182.551133
1197,M-1810,item:268091,14400.0,11851200.0,14400.0
1197,SDC-1450,item:773474,0.0,51200000.0,19168856.0
1198,M-1430,item:268967,0.0,5390000.0,97182.551133
1198,M-1810,item:268091,14400.0,11865600.0,14400.0
1198,SDC-1450,item:773474,0.0,51200000.0,19168856.0
1199,M-1430,item:268967,0.0,5390000.0,97182.551133
1199,M-1810,item:268091,14400.0,11880000.0,14400.0
1199,SDC-1450,item:773474,0.0,51200000.0,19168856.0
1200,M-1430,item:268967,0.0,5390000.0,97182.551133
1200,M-1810,item:268091,14400.0,11894400.0,14400.0
1200,SDC-1450,item:773474,0.0,51200000.0,19168856.0
1201,M-1430,item:268967,0.0,5390000.0,97182.551133
1201,M-1810,item:268091,14400.0,11908800.0,14400.0
1201,SDC-1450,item:773474,0.0,51200000.0,19168856.0
1202,M-1430,item:268967,0.0,5390000.0,97182.551133
1202,M-1810,item:268091,14400.0,11923200.0,14400.0
1202,SDC-1450,item:773474,0.0,51200000.0,19168856.0
1203,M-1430,item:268967,0.0,5390000.0,97182.551133
1203,M-1810,item:268091,14400.0,11937600.0,14400.0
1203,SDC-1450,item:773474,0.0,51200000.0,19168856.0
1204,M-1430,item:268967,0.0,5390000.0,97182.551133
1204,M-1810,item:268091,14400.0,11952000.0,14400.0
1204,SDC-1450,item:773474,0.0,51200000.0,19168856.0
1205,M-1430,item:268967,0.0,5390000.0,97182.551133
1205,M-1810,item:268091,14400.0,11966400.0,14400.0
1205,SDC-1450,item:773474,0.0,51200000.0,19168856.0
1206,M-1430,item:268967,0.0,5390000.0,97182.551133
1206,M-1810,item:268091,14400.0,11980800.0,14400.0
1206,SDC-1450,item:773474,0.0,51200000.0,19168856.0
1207,M-1430,item:268967,0.0,5390000.0,97182.551133
1207,M-1810,item:268091,14400.0,11995200.0,23323.959172
1207,SDC-1450,item:773474,0.0,51200000.0,19168856.0
1208,M-1430,item:268967,0.0,5390000.0,97182.551133
1208,M-1810,item:268091,14400.0,12009600.0,37723.959172
1208,SDC-1450,item:773474,0.0,51200000.0,19168856.0
1209,M-1430,item:268967,0.0,5390000.0,97182.551133
1209,M-1810,item:268091,0.0,12009600.0,37723.959172
1209,SDC-1450,item:773474,0.0,51200000.0,19168856.0
1210,M-1430,item:268967,0.0,5390000.0,97182.551133
1210,M-1810,item:268091,0.0,12009600.0,37723.959172
1210,SDC-1450,item:773474,0.0,51200000.0,19168856.0
1211,M-1430,item:268967,0.0,5390000.0,97182.551133
1211,M-1810,item:268091,0.0,12009600.0,37723.959172
1211,SDC-1450,item:773474,0.0,51200000.0,19168856.0
1212,M-1430,item:268967,0.0,5390000.0,97182.551133
1212,M-1810,item:268091,0.0,12009600.0,37723.959172
1212,SDC-1450,item:773474,0.0,51200000.0,19168856.0
1213,M-1430,item:268967,0.0,5390000.0,97182.551133
1213,M-1810,item:268091,0.0,12009600.0,37723.959172
1213,SDC-1450,item:773474,0.0,51200000.0,19168856.0
1214,M-1430,item:268967,0.0,5390000.0,97182.551133
1214,M-1810,item:268091,0.0,12009600.0,37723.959172
1214,SDC-1450,item:773474,0.0,51200000.0,19168856.0
1215,M-1430,item:268967,0.0,5390000.0,97182.551133
1215,M-1810,item:268091,0.0,12009600.0,37723.959172
1215,SDC-1450,item:773474,0.0,51200000.0,19168856.0
1216,M-1430,item:268967,0.0,5390000.0,97182.551133
1216,M-1810,item:268091,0.0,12009600.0,37723.959172
1216,SDC-1450,item:773474,0.0,51200000.0,19168856.0
1217,M-1430,item:268967,0.0,5390000.0,97182.551133
1217,M-1810,item:268091,0.0,12009600.0,37723.959172
1217,SDC-1450,item:773474,0.0,51200000.0,19168856.0
1218,M-1430,item:268967,0.0,5390000.0,97182.551133
1218,M-1810,item:268091,0.0,12009600.0,37723.959172
1218,SDC-1450,item:773474,0.0,51200000.0,19168856.0
1219,M-1430,item:268967,0.0,5390000.0,97182.551133
1219,M-1810,item:268091,0.0,12009600.0,37723.959172
1219,SDC-1450,item:773474,0.0,51200000.0,19168856.0
1220,M-1430,item:268967,0.0,5390000.0,97182.551133
1220,M-1810,item:268091,0.0,12009600.0,37723.959172
1220,SDC-1450,item:773474,0.0,51200000.0,19168856.0
1221,M-1430,item:268967,0.0,5390000.0,97182.551133
1221,M-1810,item:268091,0.0,12009600.0,37723.959172
1221,SDC-1450,item:773474,0.0,51200000.0,19168856.0
1222,M-1430,item:268967,0.0,5390000.0,97182.551133
1222,M-1810,item:268091,0.0,12009600.0,37723.959172
1222,SDC-1450,item:773474,0.0,51200000.0,19168856.0
1223,M-1430,item:268967,0.0,5390000.0,97182.551133
1223,M-1810,item:268091,0.0,12009600.0,37413.714263
1223,SDC-1450,item:773474,0.0,51200000.0,19168856.0
1224,M-1430,item:268967,0.0,5390000.0,97182.551133
1224,M-1810,item:268091,14400.0,12024000.0,34839.102018
1224,SDC-1450,item:773474,0.0,51200000.0,19168856.0
1225,M-1430,item:268967,0.0,5390000.0,97182.551133
1225,M-1810,item:268091,14400.0,12038400.0,31431.020386
1225,SDC-1450,item:773474,0.0,51200000.0,19168856.0
1226,M-1430,item:268967,0.0,5390000.0,97182.551133
1226,M-1810,item:268091,14400.0,12052800.0,14400.0
1226,SDC-1450,item:773474,0.0,51200000.0,19168856.0
1227,M-1430,item:268967,0.0,5390000.0,97182.551133
1227,M-1810,item:268091,14400.0,12067200.0,14400.0
1227,SDC-1450,item:773474,0.0,51200000.0,19168856.0
1228,M-1430,item:268967,0.0,5390000.0,97182.551133
1228,M-1810,item:268091,14400.0,12081600.0,16205.959162
1228,SDC-1450,item:773474,0.0,51200000.0,19168856.0
1229,M-1430,item:268967,0.0,5390000.0,97182.551133
1229,M-1810,item:268091,14400.0,12096000.0,14400.0
1229,SDC-1450,item:773474,0.0,51200000.0,19168856.0
1230,M-1430,item:268967,0.0,5390000.0,97182.551133
1230,M-1810,item:268091,14400.0,12110400.0,14400.0
1230,SDC-1450,item:773474,0.0,51200000.0,19168856.0
1231,M-1430,item:268967,0.0,5390000.0,97182.551133
1231,M-1810,item:268091,14400.0,12124800.0,14400.0
1231,SDC-1450,item:773474,0.0,51200000.0,19168856.0
1232,M-1430,item:268967,0.0,5390000.0,97182.551133
1232,M-1810,item:268091,14400.0,12139200.0,14400.0
1232,SDC-1450,item:773474,0.0,51200000.0,19168856.0
1233,M-1430,item:268967,0.0,5390000.0,97182.551133
1233,M-1810,item:268091,14400.0,12153600.0,14400.0
1233,SDC-1450,item:773474,0.0,51200000.0,19168856.0
1234,M-1430,item:268967,0.0,5390000.0,97182.551133
1234,M-1810,item:268091,14400.0,12168000.0,14400.0
1234,SDC-1450,item:773474,0.0,51200000.0,19168856.0
1235,M-1430,item:268967,0.0,5390000.0,97182.551133
1235,M-1810,item:268091,14400.0,12182400.0,14400.0
1235,SDC-1450,item:773474,0.0,51200000.0,19168856.0
1236,M-1430,item:268967,0.0,5390000.0,97182.551133
1236,M-1810,item:268091,14400.0,12196800.0,14400.0
1236,SDC-1450,item:773474,0.0,51200000.0,19168856.0
1237,M-1430,item:268967,0.0,5390000.0,92658.714369
1237,M-1810,item:268091,14400.0,12211200.0,15783.142833
1237,SDC-1450,item:773474,0.0,51200000.0,19168856.0
1238,M-1430,item:268967,0.0,5390000.0,88134.877606
1238,M-1810,item:268091,14400.0,12225600.0,19554.673421
1238,SDC-1450,item:773474,0.0,51200000.0,19168856.0
1239,M-1430,item:268967,0.0,5390000.0,88134.877606
1239,M-1810,item:268091,14400.0,12240000.0,24219.122402
1239,SDC-1450,item:773474,0.0,51200000.0,19168856.0
1240,M-1430,item:268967,0.0,5390000.0,88134.877606
1240,M-1810,item:268091,14400.0,12254400.0,27275.775488
1240,SDC-1450,item:773474,0.0,51200000.0,19168856.0
1241,M-1430,item:268967,0.0,5390000.0,88134.877606
1241,M-1810,item:268091,14400.0,12268800.0,27719.387757
1241,SDC-1450,item:773474,0.0,51200000.0,19168856.0
1242,M-1430,item:268967,0.0,5390000.0,88134.877606
1242,M-1810,item:268091,14400.0,12283200.0,27045.428574
1242,SDC-1450,item:773474,0.0,51200000.0,19168856.0
1243,M-1430,item:268967,0.0,5390000.0,88134.877606
1243,M-1810,item:268091,14400.0,12297600.0,14400.0
1243,SDC-1450,item:773474,0.0,51200000.0,19168856.0
1244,M-1430,item:268967,0.0,5390000.0,88134.877606
1244,M-1810,item:268091,14400.0,12312000.0,28800.0
1244,SDC-1450,item:773474,0.0,51200000.0,19168856.0
1245,M-1430,item:268967,0.0,5390000.0,88134.877606
1245,M-1810,item:268091,14400.0,12326400.0,43200.0
1245,SDC-1450,item:773474,0.0,51200000.0,19168856.0
1246,M-1430,item:268967,0.0,5390000.0,88134.877606
1246,M-1810,item:268091,14400.0,12340800.0,57600.0
1246,SDC-1450,item:773474,0.0,51200000.0,19168856.0
1247,M-1430,item:268967,0.0,5390000.0,88134.877606
1247,M-1810,item:268091,0.0,12340800.0,52830.775492
1247,SDC-1450,item:773474,0.0,51200000.0,19168856.0
1248,M-1430,item:268967,0.0,5390000.0,88134.877606
1248,M-1810,item:268091,0.0,12340800.0,41758.591802
1248,SDC-1450,item:773474,0.0,51200000.0,19168856.0
1249,M-1430,item:268967,0.0,5390000.0,88134.877606
1249,M-1810,item:268091,14400.0,12355200.0,43819.897926
1249,SDC-1450,item:773474,0.0,51200000.0,19168856.0
1250,M-1430,item:268967,0.0,5390000.0,88134.877606
1250,M-1810,item:268091,14400.0,12369600.0,51184.877539
1250,SDC-1450,item:773474,0.0,51200000.0,19168856.0
1251,M-1430,item:268967,0.0,5390000.0,88134.877606
1251,M-1810,item:268091,0.0,12369600.0,50987.265313
1251,SDC-1450,item:773474,0.0,51200000.0,19168856.0
1252,M-1430,item:268967,0.0,5390000.0,88134.877606
1252,M-1810,item:268091,0.0,12369600.0,50987.265313
1252,SDC-1450,item:773474,0.0,51200000.0,19168856.0
1253,M-1430,item:268967,0.0,5390000.0,88134.877606
1253,M-1810,item:268091,0.0,12369600.0,49659.244883
1253,SDC-1450,item:773474,0.0,51200000.0,19168856.0
1254,M-1430,item:268967,0.0,5390000.0,88134.877606
1254,M-1810,item:268091,0.0,12369600.0,44639.46935
1254,SDC-1450,item:773474,0.0,51200000.0,19168856.0
1255,M-1430,item:268967,0.0,5390000.0,88134.877606
1255,M-1810,item:268091,0.0,12369600.0,36254.448917
1255,SDC-1450,item:773474,0.0,51200000.0,19168856.0
1256,M-1430,item:268967,0.0,5390000.0,88134.877606
1256,M-1810,item:268091,14400.0,12384000.0,40558.71422
1256,SDC-1450,item:773474,0.0,51200000.0,19168856.0
1257,M-1430,item:268967,0.0,5390000.0,88060.714368
1257,M-1810,item:268091,0.0,12384000.0,32770.530566
1257,SDC-1450,item:773474,0.0,51200000.0,19168856.0
1258,M-1430,item:268967,0.0,5390000.0,79834.285797
1258,M-1810,item:268091,0.0,12384000.0,32770.530566
1258,SDC-1450,item:773474,0.0,51200000.0,19168856.0
1259,M-1430,item:268967,107800.0,5497800.0,131785.714369
1259,M-1810,item:268091,14400.0,12398400.0,40113.489795
1259,SDC-1450,item:773474,0.0,51200000.0,19168856.0
1260,M-1430,item:268967,107800.0,5605600.0,133123.000084
1260,M-1810,item:268091,14400.0,12412800.0,31532.081677
1260,SDC-1450,item:773474,0.0,51200000.0,18128078.0
1261,M-1430,item:268967,107800.0,5713400.0,107800.0
1261,M-1810,item:268091,14400.0,12427200.0,21311.061251
1261,SDC-1450,item:773474,0.0,51200000.0,16046521.0
1262,M-1430,item:268967,107800.0,5821200.0,132056.000085
1262,M-1810,item:268091,14400.0,12441600.0,17026.142821
1262,SDC-1450,item:773474,3200000.0,54400000.0,16124186.0
1263,M-1430,item:268967,0.0,5821200.0,132056.000085
1263,M-1810,item:268091,14400.0,12456000.0,19756.469307
1263,SDC-1450,item:773474,3200000.0,57600000.0,15161072.0
1264,M-1430,item:268967,0.0,5821200.0,132056.000085
1264,M-1810,item:268091,14400.0,12470400.0,23005.469326
1264,SDC-1450,item:773474,3200000.0,60800000.0,18361072.0
1265,M-1430,item:268967,0.0,5821200.0,114847.285798
1265,M-1810,item:268091,14400.0,12484800.0,19197.428574
1265,SDC-1450,item:773474,0.0,60800000.0,18361072.0
1266,M-1430,item:268967,0.0,5821200.0,97638.571511
1266,M-1810,item:268091,14400.0,12499200.0,14400.0
1266,SDC-1450,item:773474,0.0,60800000.0,18361072.0
1267,M-1430,item:268967,0.0,5821200.0,97638.571511
1267,M-1810,item:268091,14400.0,12513600.0,14400.0
1267,SDC-1450,item:773474,0.0,60800000.0,18361072.0
1268,M-1430,item:268967,0.0,5821200.0,97638.571511
1268,M-1810,item:268091,14400.0,12528000.0,14400.0
1268,SDC-1450,item:773474,0.0,60800000.0,18361072.0
1269,M-1430,item:268967,0.0,5821200.0,97638.571511
1269,M-1810,item:268091,14400.0,12542400.0,14400.0
1269,SDC-1450,item:773474,0.0,60800000.0,18361072.0
1270,M-1430,item:268967,0.0,5821200.0,97638.571511
1270,M-1810,item:268091,14400.0,12556800.0,14400.0
1270,SDC-1450,item:773474,0.0,60800000.0,18361072.0
1271,M-1430,item:268967,0.0,5821200.0,97638.571511
1271,M-1810,item:268091,14400.0,12571200.0,14400.0
1271,SDC-1450,item:773474,0.0,60800000.0,18361072.0
1272,M-1430,item:268967,0.0,5821200.0,97638.571511
1272,M-1810,item:268091,14400.0,12585600.0,14400.0
1272,SDC-1450,item:773474,0.0,60800000.0,18361072.0
1273,M-1430,item:268967,0.0,5821200.0,97638.571511
1273,M-1810,item:268091,14400.0,12600000.0,14400.0
1273,SDC-1450,item:773474,0.0,60800000.0,18361072.0
1274,M-1430,item:268967,0.0,5821200.0,97638.571511
1274,M-1810,item:268091,14400.0,12614400.0,17126.367334
1274,SDC-1450,item:773474,0.0,60800000.0,18361072.0
1275,M-1430,item:268967,0.0,5821200.0,97638.571511
1275,M-1810,item:268091,14400.0,12628800.0,31526.367334
1275,SDC-1450,item:773474,0.0,60800000.0,18361072.0
1276,M-1430,item:268967,0.0,5821200.0,97638.571511
1276,M-1810,item:268091,14400.0,12643200.0,45926.367334
1276,SDC-1450,item:773474,0.0,60800000.0,18361072.0
1277,M-1430,item:268967,0.0,5821200.0,97638.571511
1277,M-1810,item:268091,0.0,12643200.0,45926.367334
1277,SDC-1450,item:773474,0.0,60800000.0,18361072.0
1278,M-1430,item:268967,0.0,5821200.0,97638.571511
1278,M-1810,item:268091,0.0,12643200.0,45926.367334
1278,SDC-1450,item:773474,0.0,60800000.0,18361072.0
1279,M-1430,item:268967,0.0,5821200.0,97638.571511
1279,M-1810,item:268091,0.0,12643200.0,45926.367334
1279,SDC-1450,item:773474,0.0,60800000.0,18361072.0
1280,M-1430,item:268967,0.0,5821200.0,97638.571511
1280,M-1810,item:268091,0.0,12643200.0,42556.265283
1280,SDC-1450,item:773474,0.0,60800000.0,18361072.0
1281,M-1430,item:268967,0.0,5821200.0,97638.571511
1281,M-1810,item:268091,14400.0,12657600.0,40905.122416
1281,SDC-1450,item:773474,0.0,60800000.0,18361072.0
1282,M-1430,item:268967,0.0,5821200.0,97638.571511
1282,M-1810,item:268091,14400.0,12672000.0,26334.346896
1282,SDC-1450,item:773474,0.0,60800000.0,18361072.0
1283,M-1430,item:268967,0.0,5821200.0,97638.571511
1283,M-1810,item:268091,14400.0,12686400.0,18026.591804
1283,SDC-1450,item:773474,0.0,60800000.0,18361072.0
1284,M-1430,item:268967,0.0,5821200.0,97638.571511
1284,M-1810,item:268091,14400.0,12700800.0,25292.795905
1284,SDC-1450,item:773474,0.0,60800000.0,18361072.0
1285,M-1430,item:268967,0.0,5821200.0,97638.571511
1285,M-1810,item:268091,14400.0,12715200.0,39692.795905
1285,SDC-1450,item:773474,0.0,60800000.0,18361072.0
1286,M-1430,item:268967,0.0,5821200.0,97638.571511
1286,M-1810,item:268091,14400.0,12729600.0,42157.346935
1286,SDC-1450,item:773474,0.0,60800000.0,18361072.0
1287,M-1430,item:268967,0.0,5821200.0,97638.571511
1287,M-1810,item:268091,14400.0,12744000.0,41224.816333
1287,SDC-1450,item:773474,0.0,60800000.0,18361072.0
1288,M-1430,item:268967,0.0,5821200.0,97638.571511
1288,M-1810,item:268091,0.0,12744000.0,41224.816333
1288,SDC-1450,item:773474,0.0,60800000.0,18361072.0
1289,M-1430,item:268967,0.0,5821200.0,97638.571511
1289,M-1810,item:268091,0.0,12744000.0,41224.816333
1289,SDC-1450,item:773474,0.0,60800000.0,18361072.0
1290,M-1430,item:268967,0.0,5821200.0,97638.571511
1290,M-1810,item:268091,0.0,12744000.0,41224.816333
1290,SDC-1450,item:773474,0.0,60800000.0,18361072.0
1291,M-1430,item:268967,0.0,5821200.0,97638.571511
1291,M-1810,item:268091,0.0,12744000.0,41224.816333
1291,SDC-1450,item:773474,0.0,60800000.0,18361072.0
1292,M-1430,item:268967,0.0,5821200.0,97638.571511
1292,M-1810,item:268091,0.0,12744000.0,41224.816333
1292,SDC-1450,item:773474,0.0,60800000.0,18361072.0
1293,M-1430,item:268967,0.0,5821200.0,97638.571511
1293,M-1810,item:268091,0.0,12744000.0,41224.816333
1293,SDC-1450,item:773474,0.0,60800000.0,18361072.0
1294,M-1430,item:268967,0.0,5821200.0,97638.571511
1294,M-1810,item:268091,14400.0,12758400.0,42776.714271
1294,SDC-1450,item:773474,0.0,60800000.0,18361072.0
1295,M-1430,item:268967,0.0,5821200.0,97638.571511
1295,M-1810,item:268091,14400.0,12772800.0,21847.612209
1295,SDC-1450,item:773474,0.0,60800000.0,18361072.0
1296,M-1430,item:268967,0.0,5821200.0,97638.571511
1296,M-1810,item:268091,1200.0,12774000.0,1200.0
1296,SDC-1450,item:773474,0.0,60800000.0,18361072.0
1297,M-1430,item:268967,0.0,5821200.0,97638.571511
1297,M-1810,item:268091,0.0,12774000.0,0.0
1297,SDC-1450,item:773474,0.0,60800000.0,18361072.0
1298,M-1430,item:268967,0.0,5821200.0,97638.571511
1298,M-1810,item:268091,0.0,12774000.0,0.0
1298,SDC-1450,item:773474,0.0,60800000.0,18361072.0
1299,M-1430,item:268967,0.0,5821200.0,97638.571511
1299,M-1810,item:268091,0.0,12774000.0,0.0
1299,SDC-1450,item:773474,0.0,60800000.0,18361072.0
1300,M-1430,item:268967,0.0,5821200.0,97638.571511
1300,M-1810,item:268091,0.0,12774000.0,0.0
1300,SDC-1450,item:773474,0.0,60800000.0,18361072.0
1301,M-1430,item:268967,0.0,5821200.0,97638.571511
1301,M-1810,item:268091,0.0,12774000.0,0.0
1301,SDC-1450,item:773474,0.0,60800000.0,18361072.0
1302,M-1430,item:268967,0.0,5821200.0,97638.571511
1302,M-1810,item:268091,0.0,12774000.0,0.0
1302,SDC-1450,item:773474,0.0,60800000.0,18361072.0
1303,M-1430,item:268967,0.0,5821200.0,97638.571511
1303,M-1810,item:268091,10000.0,12784000.0,10000.0
1303,SDC-1450,item:773474,0.0,60800000.0,18361072.0
1304,M-1430,item:268967,0.0,5821200.0,97638.571511
1304,M-1810,item:268091,0.0,12784000.0,0.0
1304,SDC-1450,item:773474,0.0,60800000.0,18361072.0
1305,M-1430,item:268967,0.0,5821200.0,92100.347027
1305,M-1810,item:268091,3200.0,12787200.0,3200.0
1305,SDC-1450,item:773474,0.0,60800000.0,18361072.0
1306,M-1430,item:268967,0.0,5821200.0,81137.775603
1306,M-1810,item:268091,1800.0,12789000.0,1800.0
1306,SDC-1450,item:773474,0.0,60800000.0,18361072.0
1307,M-1430,item:268967,0.0,5821200.0,70551.285805
1307,M-1810,item:268091,5000.0,12794000.0,5000.0
1307,SDC-1450,item:773474,0.0,60800000.0,18361072.0
1308,M-1430,item:268967,0.0,5821200.0,70551.285805
1308,M-1810,item:268091,5000.0,12799000.0,5000.0
1308,SDC-1450,item:773474,0.0,60800000.0,18361072.0
1309,M-1430,item:268967,0.0,5821200.0,70551.285805
1309,M-1810,item:268091,2600.0,12801600.0,2600.0
1309,SDC-1450,item:773474,0.0,60800000.0,18361072.0
1310,M-1430,item:268967,0.0,5821200.0,70551.285805
1310,M-1810,item:268091,12400.0,12814000.0,12400.0
1310,SDC-1450,item:773474,0.0,60800000.0,18361072.0
1311,M-1430,item:268967,0.0,5821200.0,70551.285805
1311,M-1810,item:268091,2000.0,12816000.0,2000.0
1311,SDC-1450,item:773474,0.0,60800000.0,18361072.0
1312,M-1430,item:268967,0.0,5821200.0,70551.285805
1312,M-1810,item:268091,14400.0,12830400.0,14400.0
1312,SDC-1450,item:773474,0.0,60800000.0,18361072.0
1313,M-1430,item:268967,0.0,5821200.0,70551.285805
1313,M-1810,item:268091,13600.0,12844000.0,13600.0
1313,SDC-1450,item:773474,0.0,60800000.0,18361072.0
1314,M-1430,item:268967,0.0,5821200.0,70551.285805
1314,M-1810,item:268091,800.0,12844800.0,800.0
1314,SDC-1450,item:773474,0.0,60800000.0,18361072.0
1315,M-1430,item:268967,0.0,5821200.0,70551.285805
1315,M-1810,item:268091,14400.0,12859200.0,14400.0
1315,SDC-1450,item:773474,0.0,60800000.0,18361072.0
1316,M-1430,item:268967,0.0,5821200.0,70551.285805
1316,M-1810,item:268091,14400.0,12873600.0,14400.0
1316,SDC-1450,item:773474,0.0,60800000.0,18361072.0
1317,M-1430,item:268967,0.0,5821200.0,70551.285805
1317,M-1810,item:268091,14400.0,12888000.0,14400.0
1317,SDC-1450,item:773474,0.0,60800000.0,18361072.0
1318,M-1430,item:268967,0.0,5821200.0,70551.285805
1318,M-1810,item:268091,14400.0,12902400.0,22565.673455
1318,SDC-1450,item:773474,0.0,60800000.0,18361072.0
1319,M-1430,item:268967,0.0,5821200.0,70551.285805
1319,M-1810,item:268091,14400.0,12916800.0,36965.673455
1319,SDC-1450,item:773474,0.0,60800000.0,18361072.0
1320,M-1430,item:268967,0.0,5821200.0,70551.285805
1320,M-1810,item:268091,0.0,12916800.0,36965.673455
1320,SDC-1450,item:773474,0.0,60800000.0,18361072.0
1321,M-1430,item:268967,0.0,5821200.0,70551.285805
1321,M-1810,item:268091,0.0,12916800.0,30982.571406
1321,SDC-1450,item:773474,0.0,60800000.0,18361072.0
1322,M-1430,item:268967,0.0,5821200.0,70551.285805
1322,M-1810,item:268091,14400.0,12931200.0,33869.714255
1322,SDC-1450,item:773474,0.0,60800000.0,18361072.0
1323,M-1430,item:268967,0.0,5821200.0,70551.285805
1323,M-1810,item:268091,14400.0,12945600.0,31199.775472
1323,SDC-1450,item:773474,0.0,60800000.0,18361072.0
1324,M-1430,item:268967,0.0,5821200.0,70551.285805
1324,M-1810,item:268091,0.0,12945600.0,26041.387727
1324,SDC-1450,item:773474,0.0,60800000.0,18361072.0
1325,M-1430,item:268967,0.0,5821200.0,70551.285805
1325,M-1810,item:268091,14400.0,12960000.0,34829.653033
1325,SDC-1450,item:773474,0.0,60800000.0,18361072.0
1326,M-1430,item:268967,0.0,5821200.0,70551.285805
1326,M-1810,item:268091,0.0,12960000.0,23578.857116
1326,SDC-1450,item:773474,0.0,60800000.0,18361072.0
1327,M-1430,item:268967,0.0,5821200.0,70551.285805
1327,M-1810,item:268091,14400.0,12974400.0,37978.857116
1327,SDC-1450,item:773474,0.0,60800000.0,18361072.0
1328,M-1430,item:268967,0.0,5821200.0,70551.285805
1328,M-1810,item:268091,0.0,12974400.0,37978.857116
1328,SDC-1450,item:773474,0.0,60800000.0,18361072.0
1329,M-1430,item:268967,0.0,5821200.0,70551.285805
1329,M-1810,item:268091,14400.0,12988800.0,45605.612226
1329,SDC-1450,item:773474,0.0,60800000.0,18361072.0
1330,M-1430,item:268967,0.0,5821200.0,62353.449072
1330,M-1810,item:268091,14400.0,13003200.0,34285.306111
1330,SDC-1450,item:773474,0.0,60800000.0,18361072.0
1331,M-1430,item:268967,107800.0,5929000.0,139844.918459
1331,M-1810,item:268091,14400.0,13017600.0,14400.0
1331,SDC-1450,item:773474,0.0,60800000.0,18361072.0
1332,M-1430,item:268967,0.0,5929000.0,116633.326621
1332,M-1810,item:268091,14400.0,13032000.0,14400.0
1332,SDC-1450,item:773474,0.0,60800000.0,18361072.0
1333,M-1430,item:268967,0.0,5929000.0,69109.244985
1333,M-1810,item:268091,14400.0,13046400.0,14400.0
1333,SDC-1450,item:773474,0.0,60800000.0,18361072.0
1334,M-1430,item:268967,0.0,5929000.0,43695.857228
1334,M-1810,item:268091,14400.0,13060800.0,14400.0
1334,SDC-1450,item:773474,0.0,60800000.0,18361072.0
1335,M-1430,item:268967,107800.0,6036800.0,122779.775594
1335,M-1810,item:268091,14400.0,13075200.0,14400.0
1335,SDC-1450,item:773474,0.0,60800000.0,18361072.0
1336,M-1430,item:268967,0.0,6036800.0,102261.530693
1336,M-1810,item:268091,14400.0,13089600.0,14400.0
1336,SDC-1450,item:773474,0.0,60800000.0,18361072.0
1337,M-1430,item:268967,0.0,6036800.0,102261.530693
1337,M-1810,item:268091,14400.0,13104000.0,14400.0
1337,SDC-1450,item:773474,0.0,60800000.0,18361072.0
1338,M-1430,item:268967,0.0,6036800.0,102261.530693
1338,M-1810,item:268091,14400.0,13118400.0,14400.0
1338,SDC-1450,item:773474,0.0,60800000.0,18361072.0
1339,M-1430,item:268967,0.0,6036800.0,102261.530693
1339,M-1810,item:268091,14400.0,13132800.0,14400.0
1339,SDC-1450,item:773474,0.0,60800000.0,18361072.0
1340,M-1430,item:268967,0.0,6036800.0,102261.530693
1340,M-1810,item:268091,14400.0,13147200.0,28039.97957
1340,SDC-1450,item:773474,0.0,60800000.0,18361072.0
1341,M-1430,item:268967,0.0,6036800.0,102261.530693
1341,M-1810,item:268091,14400.0,13161600.0,42439.97957
1341,SDC-1450,item:773474,0.0,60800000.0,18361072.0
1342,M-1430,item:268967,0.0,6036800.0,102261.530693
1342,M-1810,item:268091,0.0,13161600.0,42439.97957
1342,SDC-1450,item:773474,0.0,60800000.0,18361072.0
1343,M-1430,item:268967,0.0,6036800.0,102261.530693
1343,M-1810,item:268091,14400.0,13176000.0,50358.693857
1343,SDC-1450,item:773474,0.0,60800000.0,18361072.0
1344,M-1430,item:268967,0.0,6036800.0,102261.530693
1344,M-1810,item:268091,14400.0,13190400.0,49745.081613
1344,SDC-1450,item:773474,0.0,60800000.0,18361072.0
1345,M-1430,item:268967,0.0,6036800.0,102261.530693
1345,M-1810,item:268091,0.0,13190400.0,47756.020388
1345,SDC-1450,item:773474,0.0,60800000.0,18361072.0
1346,M-1430,item:268967,0.0,6036800.0,102261.530693
1346,M-1810,item:268091,0.0,13190400.0,37358.591817
1346,SDC-1450,item:773474,0.0,60800000.0,18361072.0
1347,M-1430,item:268967,0.0,6036800.0,102261.530693
1347,M-1810,item:268091,14400.0,13204800.0,35003.836715
1347,SDC-1450,item:773474,0.0,60800000.0,18361072.0
1348,M-1430,item:268967,0.0,6036800.0,102261.530693
1348,M-1810,item:268091,14400.0,13219200.0,34762.102023
1348,SDC-1450,item:773474,0.0,60800000.0,18361072.0
1349,M-1430,item:268967,0.0,6036800.0,102261.530693
1349,M-1810,item:268091,14400.0,13233600.0,43052.69386
1349,SDC-1450,item:773474,0.0,60800000.0,18361072.0
1350,M-1430,item:268967,0.0,6036800.0,102261.530693
1350,M-1810,item:268091,14400.0,13248000.0,54650.999983
1350,SDC-1450,item:773474,0.0,60800000.0,18361072.0
1351,M-1430,item:268967,0.0,6036800.0,102261.530693
1351,M-1810,item:268091,0.0,13248000.0,46475.102023
1351,SDC-1450,item:773474,0.0,60800000.0,18361072.0
1352,M-1430,item:268967,0.0,6036800.0,102261.530693
1352,M-1810,item:268091,14400.0,13262400.0,43867.69386
1352,SDC-1450,item:773474,0.0,60800000.0,18361072.0
1353,M-1430,item:268967,0.0,6036800.0,102261.530693
1353,M-1810,item:268091,14400.0,13276800.0,37653.387739
1353,SDC-1450,item:773474,0.0,60800000.0,18361072.0
1354,M-1430,item:268967,0.0,6036800.0,102261.530693
1354,M-1810,item:268091,14400.0,13291200.0,36514.102026
1354,SDC-1450,item:773474,0.0,60800000.0,18361072.0
1355,M-1430,item:268967,0.0,6036800.0,102261.530693
1355,M-1810,item:268091,14400.0,13305600.0,43907.142843
1355,SDC-1450,item:773474,0.0,60800000.0,18361072.0
1356,M-1430,item:268967,0.0,6036800.0,102261.530693
1356,M-1810,item:268091,14400.0,13320000.0,54607.897945
1356,SDC-1450,item:773474,0.0,60800000.0,18361072.0
1357,M-1430,item:268967,0.0,6036800.0,102261.530693
1357,M-1810,item:268091,14400.0,13334400.0,48605.95917
1357,SDC-1450,item:773474,0.0,60800000.0,18361072.0
1358,M-1430,item:268967,0.0,6036800.0,102261.530693
1358,M-1810,item:268091,14400.0,13348800.0,36169.83672
1358,SDC-1450,item:773474,0.0,60800000.0,18361072.0
1359,M-1430,item:268967,0.0,6036800.0,102261.530693
1359,M-1810,item:268091,14400.0,13363200.0,26557.571412
1359,SDC-1450,item:773474,0.0,60800000.0,18361072.0
1360,M-1430,item:268967,0.0,6036800.0,102261.530693
1360,M-1810,item:268091,14400.0,13377600.0,25765.653045
1360,SDC-1450,item:773474,0.0,60800000.0,18361072.0
1361,M-1430,item:268967,0.0,6036800.0,102261.530693
1361,M-1810,item:268091,14400.0,13392000.0,30532.530597
1361,SDC-1450,item:773474,0.0,60800000.0,18361072.0
1362,M-1430,item:268967,0.0,6036800.0,102261.530693
1362,M-1810,item:268091,14400.0,13406400.0,41233.285699
1362,SDC-1450,item:773474,0.0,60800000.0,18361072.0
1363,M-1430,item:268967,0.0,6036800.0,102261.530693
1363,M-1810,item:268091,14400.0,13420800.0,32605.183658
1363,SDC-1450,item:773474,0.0,60800000.0,18361072.0
1364,M-1430,item:268967,0.0,6036800.0,102261.530693
1364,M-1810,item:268091,14400.0,13435200.0,47005.183658
1364,SDC-1450,item:773474,0.0,60800000.0,18361072.0
1365,M-1430,item:268967,0.0,6036800.0,102261.530693
1365,M-1810,item:268091,0.0,13435200.0,47005.183658
1365,SDC-1450,item:773474,0.0,60800000.0,18361072.0
1366,M-1430,item:268967,0.0,6036800.0,102261.530693
1366,M-1810,item:268091,0.0,13435200.0,47005.183658
1366,SDC-1450,item:773474,0.0,60800000.0,18361072.0
1367,M-1430,item:268967,0.0,6036800.0,102261.530693
1367,M-1810,item:268091,0.0,13435200.0,47005.183658
1367,SDC-1450,item:773474,0.0,60800000.0,18361072.0
1368,M-1430,item:268967,0.0,6036800.0,102261.530693
1368,M-1810,item:268091,0.0,13435200.0,47005.183658
1368,SDC-1450,item:773474,0.0,60800000.0,18361072.0
1369,M-1430,item:268967,0.0,6036800.0,102261.530693
1369,M-1810,item:268091,0.0,13435200.0,47005.183658
1369,SDC-1450,item:773474,0.0,60800000.0,18361072.0
1370,M-1430,item:268967,0.0,6036800.0,102261.530693
1370,M-1810,item:268091,0.0,13435200.0,47005.183658
1370,SDC-1450,item:773474,0.0,60800000.0,18361072.0
1371,M-1430,item:268967,0.0,6036800.0,102261.530693
1371,M-1810,item:268091,0.0,13435200.0,44750.673445
1371,SDC-1450,item:773474,0.0,60800000.0,18361072.0
1372,M-1430,item:268967,0.0,6036800.0,102261.530693
1372,M-1810,item:268091,14400.0,13449600.0,45808.224456
1372,SDC-1450,item:773474,0.0,60800000.0,18361072.0
1373,M-1430,item:268967,0.0,6036800.0,102261.530693
1373,M-1810,item:268091,14400.0,13464000.0,37826.448946
1373,SDC-1450,item:773474,0.0,60800000.0,18361072.0
1374,M-1430,item:268967,0.0,6036800.0,102261.530693
1374,M-1810,item:268091,14400.0,13478400.0,40726.714253
1374,SDC-1450,item:773474,0.0,60800000.0,18361072.0
1375,M-1430,item:268967,0.0,6036800.0,102261.530693
1375,M-1810,item:268091,14400.0,13492800.0,31921.346907
1375,SDC-1450,item:773474,0.0,60800000.0,18361072.0
1376,M-1430,item:268967,0.0,6036800.0,102261.530693
1376,M-1810,item:268091,14400.0,13507200.0,14400.0
1376,SDC-1450,item:773474,0.0,60800000.0,18361072.0
1377,M-1430,item:268967,0.0,6036800.0,98596.142954
1377,M-1810,item:268091,14400.0,13521600.0,28800.0
1377,SDC-1450,item:773474,0.0,60800000.0,18361072.0
1378,M-1430,item:268967,0.0,6036800.0,89699.877663
1378,M-1810,item:268091,14400.0,13536000.0,43200.0
1378,SDC-1450,item:773474,0.0,60800000.0,18361072.0
1379,M-1430,item:268967,0.0,6036800.0,79155.959293
1379,M-1810,item:268091,0.0,13536000.0,43200.0
1379,SDC-1450,item:773474,0.0,60800000.0,18361072.0
1380,M-1430,item:268967,0.0,6036800.0,72113.102131
1380,M-1810,item:268091,0.0,13536000.0,40963.38773
1380,SDC-1450,item:773474,0.0,60800000.0,18361072.0
1381,M-1430,item:268967,0.0,6036800.0,72113.102131
1381,M-1810,item:268091,14400.0,13550400.0,41166.938725
1381,SDC-1450,item:773474,0.0,60800000.0,18361072.0
1382,M-1430,item:268967,0.0,6036800.0,71620.122538
1382,M-1810,item:268091,14400.0,13564800.0,45692.326504
1382,SDC-1450,item:773474,0.0,60800000.0,18361072.0
1383,M-1430,item:268967,0.0,6036800.0,65485.449066
1383,M-1810,item:268091,14400.0,13579200.0,37955.102037
1383,SDC-1450,item:773474,0.0,60800000.0,18361072.0
1384,M-1430,item:268967,0.0,6036800.0,53626.918449
1384,M-1810,item:268091,14400.0,13593600.0,27678.48979
1384,SDC-1450,item:773474,0.0,60800000.0,18361072.0
1385,M-1430,item:268967,0.0,6036800.0,40010.510285
1385,M-1810,item:268091,14400.0,13608000.0,42078.48979
1385,SDC-1450,item:773474,0.0,60800000.0,18361072.0
1386,M-1430,item:268967,0.0,6036800.0,30138.816413
1386,M-1810,item:268091,14400.0,13622400.0,52934.979565
1386,SDC-1450,item:773474,0.0,60800000.0,18361072.0
1387,M-1430,item:268967,107800.0,6144600.0,120225.020503
1387,M-1810,item:268091,14400.0,13636800.0,50704.734648
1387,SDC-1450,item:773474,0.0,60800000.0,18361072.0
1388,M-1430,item:268967,0.0,6144600.0,117442.979691
1388,M-1810,item:268091,14400.0,13651200.0,38767.020365
1388,SDC-1450,item:773474,0.0,60800000.0,18361072.0
1389,M-1430,item:268967,0.0,6144600.0,117442.979691
1389,M-1810,item:268091,14400.0,13665600.0,30044.326511
1389,SDC-1450,item:773474,0.0,60800000.0,18361072.0
1390,M-1430,item:268967,0.0,6144600.0,117380.285809
1390,M-1810,item:268091,14400.0,13680000.0,34079.877554
1390,SDC-1450,item:773474,0.0,60800000.0,18361072.0
1391,M-1430,item:268967,0.0,6144600.0,108097.449073
1391,M-1810,item:268091,14400.0,13694400.0,47494.408167
1391,SDC-1450,item:773474,0.0,60800000.0,18361072.0
1392,M-1430,item:268967,0.0,6144600.0,97677.020504
1392,M-1810,item:268091,0.0,13694400.0,47494.408167
1392,SDC-1450,item:773474,0.0,60800000.0,18361072.0
1393,M-1430,item:268967,0.0,6144600.0,95667.285815
1393,M-1810,item:268091,0.0,13694400.0,47494.408167
1393,SDC-1450,item:773474,0.0,60800000.0,18361072.0
1394,M-1430,item:268967,0.0,6144600.0,95667.285815
1394,M-1810,item:268091,0.0,13694400.0,47494.408167
1394,SDC-1450,item:773474,0.0,60800000.0,18361072.0
1395,M-1430,item:268967,0.0,6144600.0,95667.285815
1395,M-1810,item:268091,0.0,13694400.0,47494.408167
1395,SDC-1450,item:773474,0.0,60800000.0,18361072.0
1396,M-1430,item:268967,0.0,6144600.0,95667.285815
1396,M-1810,item:268091,0.0,13694400.0,47494.408167
1396,SDC-1450,item:773474,0.0,60800000.0,18361072.0
1397,M-1430,item:268967,0.0,6144600.0,95667.285815
1397,M-1810,item:268091,0.0,13694400.0,47494.408167
1397,SDC-1450,item:773474,0.0,60800000.0,18361072.0
1398,M-1430,item:268967,0.0,6144600.0,95667.285815
1398,M-1810,item:268091,0.0,13694400.0,47494.408167
1398,SDC-1450,item:773474,0.0,60800000.0,18361072.0
1399,M-1430,item:268967,0.0,6144600.0,94522.285815
1399,M-1810,item:268091,0.0,13694400.0,37857.530591
1399,SDC-1450,item:773474,0.0,60800000.0,18361072.0
1400,M-1430,item:268967,0.0,6144600.0,80697.000101
1400,M-1810,item:268091,14400.0,13708800.0,28905.285668
1400,SDC-1450,item:773474,0.0,60800000.0,18361072.0
1401,M-1430,item:268967,0.0,6144600.0,54783.000102
1401,M-1810,item:268091,14400.0,13723200.0,14400.0
1401,SDC-1450,item:773474,0.0,60800000.0,18361072.0
1402,M-1430,item:268967,0.0,6144600.0,28907.14296
1402,M-1810,item:268091,14400.0,13737600.0,14400.0
1402,SDC-1450,item:773474,0.0,60800000.0,18361072.0
1403,M-1430,item:268967,107800.0,6252400.0,136707.14296
1403,M-1810,item:268091,14400.0,13752000.0,14400.0
1403,SDC-1450,item:773474,0.0,60800000.0,18361072.0
1404,M-1430,item:268967,0.0,6252400.0,133386.571532
1404,M-1810,item:268091,14400.0,13766400.0,14400.0
1404,SDC-1450,item:773474,0.0,60800000.0,18361072.0
1405,M-1430,item:268967,0.0,6252400.0,114618.571532
1405,M-1810,item:268091,14400.0,13780800.0,14400.0
1405,SDC-1450,item:773474,0.0,60800000.0,18361072.0
1406,M-1430,item:268967,0.0,6252400.0,99171.142961
1406,M-1810,item:268091,14400.0,13795200.0,28800.0
1406,SDC-1450,item:773474,0.0,60800000.0,18361072.0
1407,M-1430,item:268967,0.0,6252400.0,99171.142961
1407,M-1810,item:268091,14400.0,13809600.0,43200.0
1407,SDC-1450,item:773474,0.0,60800000.0,18361072.0
1408,M-1430,item:268967,0.0,6252400.0,99171.142961
1408,M-1810,item:268091,0.0,13809600.0,43200.0
1408,SDC-1450,item:773474,0.0,60800000.0,18361072.0
1409,M-1430,item:268967,0.0,6252400.0,99171.142961
1409,M-1810,item:268091,0.0,13809600.0,43200.0
1409,SDC-1450,item:773474,0.0,60800000.0,18361072.0
1410,M-1430,item:268967,0.0,6252400.0,99171.142961
1410,M-1810,item:268091,0.0,13809600.0,43200.0
1410,SDC-1450,item:773474,0.0,60800000.0,18361072.0
1411,M-1430,item:268967,0.0,6252400.0,99171.142961
1411,M-1810,item:268091,0.0,13809600.0,43200.0
1411,SDC-1450,item:773474,0.0,60800000.0,18361072.0
1412,M-1430,item:268967,0.0,6252400.0,99171.142961
1412,M-1810,item:268091,0.0,13809600.0,43200.0
1412,SDC-1450,item:773474,0.0,60800000.0,18361072.0
1413,M-1430,item:268967,0.0,6252400.0,99171.142961
1413,M-1810,item:268091,0.0,13809600.0,40679.591816
1413,SDC-1450,item:773474,0.0,60800000.0,18361072.0
1414,M-1430,item:268967,0.0,6252400.0,99171.142961
1414,M-1810,item:268091,14400.0,13824000.0,26043.081592
1414,SDC-1450,item:773474,0.0,60800000.0,18361072.0
1415,M-1430,item:268967,0.0,6252400.0,99171.142961
1415,M-1810,item:268091,14400.0,13838400.0,14400.0
1415,SDC-1450,item:773474,0.0,60800000.0,18361072.0
1416,M-1430,item:268967,0.0,6252400.0,99171.142961
1416,M-1810,item:268091,14400.0,13852800.0,14400.0
1416,SDC-1450,item:773474,0.0,60800000.0,18361072.0
1417,M-1430,item:268967,0.0,6252400.0,98950.591937
1417,M-1810,item:268091,28800.0,13881600.0,28800.0
1417,SDC-1450,item:773474,0.0,60800000.0,18361072.0
1418,M-1430,item:268967,0.0,6252400.0,91276.020505
1418,M-1810,item:268091,28800.0,13910400.0,28800.0
1418,SDC-1450,item:773474,0.0,60800000.0,18361072.0
1419,M-1430,item:268967,0.0,6252400.0,76187.28581
1419,M-1810,item:268091,28800.0,13939200.0,28800.0
1419,SDC-1450,item:773474,0.0,60800000.0,18361072.0
1420,M-1430,item:268967,0.0,6252400.0,59897.918467
1420,M-1810,item:268091,28800.0,13968000.0,28800.0
1420,SDC-1450,item:773474,0.0,60800000.0,18361072.0
1421,M-1430,item:268967,0.0,6252400.0,49570.7348
1421,M-1810,item:268091,28800.0,13996800.0,28800.0
1421,SDC-1450,item:773474,0.0,60800000.0,18361072.0
1422,M-1430,item:268967,0.0,6252400.0,49570.7348
1422,M-1810,item:268091,28800.0,14025600.0,28800.0
1422,SDC-1450,item:773474,0.0,60800000.0,18361072.0
1423,M-1430,item:268967,0.0,6252400.0,46852.959287
1423,M-1810,item:268091,28800.0,14054400.0,28800.0
1423,SDC-1450,item:773474,0.0,60800000.0,18361072.0
1424,M-1430,item:268967,0.0,6252400.0,34254.59194
1424,M-1810,item:268091,28800.0,14083200.0,28800.0
1424,SDC-1450,item:773474,0.0,60800000.0,18361072.0
1425,M-1430,item:268967,107800.0,6360200.0,122042.06133
1425,M-1810,item:268091,28800.0,14112000.0,28800.0
1425,SDC-1450,item:773474,0.0,60800000.0,18361072.0
1426,M-1430,item:268967,0.0,6360200.0,104244.612355
1426,M-1810,item:268091,14400.0,14126400.0,24386.999979
1426,SDC-1450,item:773474,0.0,60800000.0,18361072.0
1427,M-1430,item:268967,0.0,6360200.0,104244.612355
1427,M-1810,item:268091,14400.0,14140800.0,38786.999979
1427,SDC-1450,item:773474,0.0,60800000.0,18361072.0
1428,M-1430,item:268967,0.0,6360200.0,103832.00011
1428,M-1810,item:268091,14400.0,14155200.0,53186.999979
1428,SDC-1450,item:773474,0.0,60800000.0,18361072.0
1429,M-1430,item:268967,0.0,6360200.0,103832.00011
1429,M-1810,item:268091,0.0,14155200.0,53186.999979
1429,SDC-1450,item:773474,0.0,60800000.0,18361072.0
1430,M-1430,item:268967,0.0,6360200.0,103832.00011
1430,M-1810,item:268091,0.0,14155200.0,53186.999979
1430,SDC-1450,item:773474,0.0,60800000.0,18361072.0
1431,M-1430,item:268967,0.0,6360200.0,103832.00011
1431,M-1810,item:268091,0.0,14155200.0,53186.999979
1431,SDC-1450,item:773474,0.0,60800000.0,18361072.0
1432,M-1430,item:268967,0.0,6360200.0,103832.00011
1432,M-1810,item:268091,0.0,14155200.0,53186.999979
1432,SDC-1450,item:773474,0.0,60800000.0,18361072.0
1433,M-1430,item:268967,0.0,6360200.0,103832.00011
1433,M-1810,item:268091,0.0,14155200.0,53186.999979
1433,SDC-1450,item:773474,0.0,60800000.0,18361072.0
1434,M-1430,item:268967,0.0,6360200.0,103832.00011
1434,M-1810,item:268091,0.0,14155200.0,53186.999979
1434,SDC-1450,item:773474,0.0,60800000.0,18361072.0
1435,M-1430,item:268967,0.0,6360200.0,103832.00011
1435,M-1810,item:268091,0.0,14155200.0,53186.999979
1435,SDC-1450,item:773474,0.0,60800000.0,18361072.0
1436,M-1430,item:268967,0.0,6360200.0,103832.00011
1436,M-1810,item:268091,0.0,14155200.0,47255.795897
1436,SDC-1450,item:773474,0.0,60800000.0,18361072.0
1437,M-1430,item:268967,0.0,6360200.0,99685.612347
1437,M-1810,item:268091,14400.0,14169600.0,43496.122427
1437,SDC-1450,item:773474,0.0,60800000.0,18361072.0
1438,M-1430,item:268967,0.0,6360200.0,89969.38785
1438,M-1810,item:268091,14400.0,14184000.0,33306.387731
1438,SDC-1450,item:773474,0.0,60800000.0,18361072.0
1439,M-1430,item:268967,0.0,6360200.0,78765.918465
1439,M-1810,item:268091,14400.0,14198400.0,28782.26528
1439,SDC-1450,item:773474,0.0,60800000.0,18361072.0
1440,M-1430,item:268967,0.0,6360200.0,71581.245006
1440,M-1810,item:268091,14400.0,14212800.0,43182.26528
1440,SDC-1450,item:773474,0.0,60800000.0,18361072.0
1441,M-1430,item:268967,0.0,6360200.0,54249.836854
1441,M-1810,item:268091,14400.0,14227200.0,39011.102016
1441,SDC-1450,item:773474,0.0,60800000.0,18361072.0
1442,M-1430,item:268967,0.0,6360200.0,54249.836854
1442,M-1810,item:268091,28800.0,14256000.0,28800.0
1442,SDC-1450,item:773474,0.0,60800000.0,18361072.0
1443,M-1430,item:268967,0.0,6360200.0,51276.020516
1443,M-1810,item:268091,28800.0,14284800.0,28800.0
1443,SDC-1450,item:773474,0.0,60800000.0,18361072.0
1444,M-1430,item:268967,0.0,6360200.0,37086.979688
1444,M-1810,item:268091,28800.0,14313600.0,28800.0
1444,SDC-1450,item:773474,0.0,60800000.0,18361072.0
1445,M-1430,item:268967,107800.0,6468000.0,122100.367445
1445,M-1810,item:268091,28800.0,14342400.0,28800.0
1445,SDC-1450,item:773474,0.0,60800000.0,18361072.0
1446,M-1430,item:268967,0.0,6468000.0,101575.245009
1446,M-1810,item:268091,28800.0,14371200.0,28800.0
1446,SDC-1450,item:773474,0.0,60800000.0,18361070.0
1447,M-1430,item:268967,0.0,6468000.0,68766.408288
1447,M-1810,item:268091,28800.0,14400000.0,28800.0
1447,SDC-1450,item:773474,0.0,60800000.0,18361070.0
1448,M-1430,item:268967,0.0,6468000.0,68766.408288
1448,M-1810,item:268091,28800.0,14428800.0,28800.0
1448,SDC-1450,item:773474,0.0,60800000.0,18361070.0
1449,M-1430,item:268967,0.0,6468000.0,68766.408288
1449,M-1810,item:268091,28800.0,14457600.0,28800.0
1449,SDC-1450,item:773474,0.0,60800000.0,18361070.0
1450,M-1430,item:268967,0.0,6468000.0,68766.408288
1450,M-1810,item:268091,28800.0,14486400.0,28800.0
1450,SDC-1450,item:773474,0.0,60800000.0,18361070.0
1451,M-1430,item:268967,0.0,6468000.0,68766.408288
1451,M-1810,item:268091,28800.0,14515200.0,28800.0
1451,SDC-1450,item:773474,0.0,60800000.0,18361070.0
1452,M-1430,item:268967,0.0,6468000.0,68766.408288
1452,M-1810,item:268091,28800.0,14544000.0,28800.0
1452,SDC-1450,item:773474,0.0,60800000.0,18361070.0
1453,M-1430,item:268967,0.0,6468000.0,68766.408288
1453,M-1810,item:268091,14400.0,14558400.0,43200.0
1453,SDC-1450,item:773474,0.0,60800000.0,18361070.0
1454,M-1430,item:268967,0.0,6468000.0,68766.408288
1454,M-1810,item:268091,14400.0,14572800.0,57600.0
1454,SDC-1450,item:773474,0.0,60800000.0,18361070.0
1455,M-1430,item:268967,0.0,6468000.0,68766.408288
1455,M-1810,item:268091,0.0,14572800.0,57600.0
1455,SDC-1450,item:773474,0.0,60800000.0,18361070.0
1456,M-1430,item:268967,0.0,6468000.0,68766.408288
1456,M-1810,item:268091,0.0,14572800.0,57600.0
1456,SDC-1450,item:773474,0.0,60800000.0,18361070.0
1457,M-1430,item:268967,0.0,6468000.0,68766.408288
1457,M-1810,item:268091,0.0,14572800.0,57600.0
1457,SDC-1450,item:773474,0.0,60800000.0,18361070.0
1458,M-1430,item:268967,0.0,6468000.0,68766.408288
1458,M-1810,item:268091,0.0,14572800.0,57600.0
1458,SDC-1450,item:773474,0.0,60800000.0,18361070.0
1459,M-1430,item:268967,0.0,6468000.0,68766.408288
1459,M-1810,item:268091,0.0,14572800.0,57600.0
1459,SDC-1450,item:773474,0.0,60800000.0,18361070.0
1460,M-1430,item:268967,0.0,6468000.0,68766.408288
1460,M-1810,item:268091,0.0,14572800.0,57600.0
1460,SDC-1450,item:773474,0.0,60800000.0,18361070.0
1461,M-1430,item:268967,0.0,6468000.0,68766.408288
1461,M-1810,item:268091,0.0,14572800.0,57600.0
1461,SDC-1450,item:773474,0.0,60800000.0,18361070.0
1462,M-1430,item:268967,0.0,6468000.0,68766.408288
1462,M-1810,item:268091,0.0,14572800.0,57600.0
1462,SDC-1450,item:773474,0.0,60800000.0,18361070.0
1463,M-1430,item:268967,0.0,6468000.0,68766.408288
1463,M-1810,item:268091,0.0,14572800.0,57600.0
1463,SDC-1450,item:773474,0.0,60800000.0,18361070.0
1464,M-1430,item:268967,0.0,6468000.0,68766.408288
1464,M-1810,item:268091,0.0,14572800.0,57600.0
1464,SDC-1450,item:773474,0.0,60800000.0,18361070.0
1465,M-1430,item:268967,0.0,6468000.0,68766.408288
1465,M-1810,item:268091,0.0,14572800.0,57600.0
1465,SDC-1450,item:773474,0.0,60800000.0,18361070.0
1466,M-1430,item:268967,0.0,6468000.0,68766.408288
1466,M-1810,item:268091,0.0,14572800.0,57600.0
1466,SDC-1450,item:773474,0.0,60800000.0,18361070.0
1467,M-1430,item:268967,0.0,6468000.0,68766.408288
1467,M-1810,item:268091,0.0,14572800.0,57600.0
1467,SDC-1450,item:773474,0.0,60800000.0,18361070.0
1468,M-1430,item:268967,0.0,6468000.0,58672.428675
1468,M-1810,item:268091,0.0,14572800.0,57600.0
1468,SDC-1450,item:773474,0.0,60800000.0,18361070.0
1469,M-1430,item:268967,0.0,6468000.0,34934.020489
1469,M-1810,item:268091,0.0,14572800.0,57600.0
1469,SDC-1450,item:773474,0.0,60800000.0,18361070.0
1470,M-1430,item:268967,107800.0,6575800.0,127304.714366
1470,M-1810,item:268091,0.0,14572800.0,57600.0
1470,SDC-1450,item:773474,0.0,60800000.0,18361070.0
1471,M-1430,item:268967,0.0,6575800.0,127304.714366
1471,M-1810,item:268091,0.0,14572800.0,57600.0
1471,SDC-1450,item:773474,0.0,60800000.0,17320292.0
1472,M-1430,item:268967,0.0,6575800.0,127304.714366
1472,M-1810,item:268091,0.0,14572800.0,57600.0
1472,SDC-1450,item:773474,0.0,60800000.0,17320292.0
1473,M-1430,item:268967,0.0,6575800.0,127304.714366
1473,M-1810,item:268091,0.0,14572800.0,57600.0
1473,SDC-1450,item:773474,0.0,60800000.0,17320292.0
1474,M-1430,item:268967,0.0,6575800.0,127304.714366
1474,M-1810,item:268091,0.0,14572800.0,57600.0
1474,SDC-1450,item:773474,0.0,60800000.0,17320292.0
1475,M-1430,item:268967,0.0,6575800.0,127304.714366
1475,M-1810,item:268091,0.0,14572800.0,57600.0
1475,SDC-1450,item:773474,0.0,60800000.0,17320292.0
1476,M-1430,item:268967,0.0,6575800.0,127304.714366
1476,M-1810,item:268091,0.0,14572800.0,57600.0
1476,SDC-1450,item:773474,0.0,60800000.0,17320292.0
1477,M-1430,item:268967,0.0,6575800.0,127304.714366
1477,M-1810,item:268091,0.0,14572800.0,57600.0
1477,SDC-1450,item:773474,0.0,60800000.0,17320292.0
1478,M-1430,item:268967,0.0,6575800.0,127304.714366
1478,M-1810,item:268091,0.0,14572800.0,57600.0
1478,SDC-1450,item:773474,0.0,60800000.0,17320292.0
1479,M-1430,item:268967,0.0,6575800.0,127304.714366
1479,M-1810,item:268091,0.0,14572800.0,42354.122423
1479,SDC-1450,item:773474,0.0,60800000.0,17320292.0
1480,M-1430,item:268967,0.0,6575800.0,127304.714366
1480,M-1810,item:268091,14400.0,14587200.0,23070.183621
1480,SDC-1450,item:773474,0.0,60800000.0,17320292.0
1481,M-1430,item:268967,0.0,6575800.0,127304.714366
1481,M-1810,item:268091,14400.0,14601600.0,33662.877524
1481,SDC-1450,item:773474,0.0,60800000.0,17320292.0
1482,M-1430,item:268967,0.0,6575800.0,125494.571527
1482,M-1810,item:268091,14400.0,14616000.0,24587.265304
1482,SDC-1450,item:773474,0.0,60800000.0,17320292.0
1483,M-1430,item:268967,0.0,6575800.0,120298.428686
1483,M-1810,item:268091,14400.0,14630400.0,14400.0
1483,SDC-1450,item:773474,0.0,60800000.0,17320292.0
1484,M-1430,item:268967,0.0,6575800.0,110831.61236
1484,M-1810,item:268091,14400.0,14644800.0,14400.0
1484,SDC-1450,item:773474,0.0,60800000.0,17320292.0
1485,M-1430,item:268967,0.0,6575800.0,95139.163382
1485,M-1810,item:268091,14400.0,14659200.0,19485.550995
1485,SDC-1450,item:773474,0.0,60800000.0,17320292.0
1486,M-1430,item:268967,0.0,6575800.0,87739.224592
1486,M-1810,item:268091,14400.0,14673600.0,30544.653012
1486,SDC-1450,item:773474,0.0,60800000.0,17320292.0
1487,M-1430,item:268967,0.0,6575800.0,87739.224592
1487,M-1810,item:268091,14400.0,14688000.0,42682.653015
1487,SDC-1450,item:773474,0.0,60800000.0,17320292.0
1488,M-1430,item:268967,0.0,6575800.0,87739.224592
1488,M-1810,item:268091,14400.0,14702400.0,52378.897938
1488,SDC-1450,item:773474,0.0,60800000.0,17320292.0
1489,M-1430,item:268967,0.0,6575800.0,83451.428677
1489,M-1810,item:268091,0.0,14702400.0,44525.142838
1489,SDC-1450,item:773474,0.0,60800000.0,17320292.0
1490,M-1430,item:268967,0.0,6575800.0,72213.918477
1490,M-1810,item:268091,14400.0,14716800.0,43408.530597
1490,SDC-1450,item:773474,0.0,60800000.0,17320292.0
1491,M-1430,item:268967,0.0,6575800.0,58384.326645
1491,M-1810,item:268091,14400.0,14731200.0,41719.224475
1491,SDC-1450,item:773474,0.0,60800000.0,17320292.0
1492,M-1430,item:268967,0.0,6575800.0,53355.510317
1492,M-1810,item:268091,14400.0,14745600.0,47247.346919
1492,SDC-1450,item:773474,0.0,60800000.0,17320292.0
1493,M-1430,item:268967,0.0,6575800.0,53355.510317
1493,M-1810,item:268091,0.0,14745600.0,46292.857116
1493,SDC-1450,item:773474,0.0,60800000.0,17320292.0
1494,M-1430,item:268967,0.0,6575800.0,53355.510317
1494,M-1810,item:268091,0.0,14745600.0,46165.591806
1494,SDC-1450,item:773474,0.0,60800000.0,17320292.0
1495,M-1430,item:268967,0.0,6575800.0,53355.510317
1495,M-1810,item:268091,0.0,14745600.0,38120.938739
1495,SDC-1450,item:773474,0.0,60800000.0,17320292.0
1496,M-1430,item:268967,0.0,6575800.0,53355.510317
1496,M-1810,item:268091,14400.0,14760000.0,36813.428531
1496,SDC-1450,item:773474,0.0,60800000.0,17320292.0
1497,M-1430,item:268967,0.0,6575800.0,53355.510317
1497,M-1810,item:268091,14400.0,14774400.0,36842.204048
1497,SDC-1450,item:773474,0.0,60800000.0,17320292.0
1498,M-1430,item:268967,0.0,6575800.0,51318.959285
1498,M-1810,item:268091,14400.0,14788800.0,48243.102019
1498,SDC-1450,item:773474,0.0,60800000.0,17320292.0
1499,M-1430,item:268967,0.0,6575800.0,38550.89805
1499,M-1810,item:268091,0.0,14788800.0,48243.102019
1499,SDC-1450,item:773474,0.0,60800000.0,17320292.0
1500,M-1430,item:268967,107800.0,6683600.0,124456.836826
1500,M-1810,item:268091,0.0,14788800.0,48243.102019
1500,SDC-1450,item:773474,0.0,60800000.0,17320292.0
1501,M-1430,item:268967,0.0,6683600.0,103737.245002
1501,M-1810,item:268091,0.0,14788800.0,48243.102019
1501,SDC-1450,item:773474,0.0,60800000.0,16279513.0
1502,M-1430,item:268967,0.0,6683600.0,92887.081749
1502,M-1810,item:268091,0.0,14788800.0,48243.102019
1502,SDC-1450,item:773474,0.0,60800000.0,16279513.0
1503,M-1430,item:268967,0.0,6683600.0,90300.836851
1503,M-1810,item:268091,0.0,14788800.0,46046.571407
1503,SDC-1450,item:773474,0.0,60800000.0,16279513.0
1504,M-1430,item:268967,0.0,6683600.0,85678.040922
1504,M-1810,item:268091,0.0,14788800.0,43754.857123
1504,SDC-1450,item:773474,0.0,60800000.0,16279513.0
1505,M-1430,item:268967,0.0,6683600.0,85678.040922
1505,M-1810,item:268091,14400.0,14803200.0,33413.469369
1505,SDC-1450,item:773474,0.0,60800000.0,16279513.0
1506,M-1430,item:268967,0.0,6683600.0,85065.836839
1506,M-1810,item:268091,14400.0,14817600.0,14400.0
1506,SDC-1450,item:773474,0.0,60800000.0,16279513.0
1507,M-1430,item:268967,0.0,6683600.0,83362.755204
1507,M-1810,item:268091,14400.0,14832000.0,14400.0
1507,SDC-1450,item:773474,0.0,60800000.0,16279513.0
1508,M-1430,item:268967,0.0,6683600.0,81519.89806
1508,M-1810,item:268091,14400.0,14846400.0,14400.0
1508,SDC-1450,item:773474,0.0,60800000.0,16279513.0
1509,M-1430,item:268967,0.0,6683600.0,81519.89806
1509,M-1810,item:268091,14400.0,14860800.0,14400.0
1509,SDC-1450,item:773474,0.0,60800000.0,16279513.0
1510,M-1430,item:268967,0.0,6683600.0,81519.89806
1510,M-1810,item:268091,14400.0,14875200.0,14400.0
1510,SDC-1450,item:773474,0.0,60800000.0,16279513.0
1511,M-1430,item:268967,0.0,6683600.0,81519.89806
1511,M-1810,item:268091,14400.0,14889600.0,14400.0
1511,SDC-1450,item:773474,0.0,60800000.0,16279513.0
1512,M-1430,item:268967,0.0,6683600.0,74065.877652
1512,M-1810,item:268091,14400.0,14904000.0,14400.0
1512,SDC-1450,item:773474,0.0,60800000.0,16279513.0
1513,M-1430,item:268967,0.0,6683600.0,57380.32663
1513,M-1810,item:268091,14400.0,14918400.0,14400.0
1513,SDC-1450,item:773474,0.0,60800000.0,16279513.0
1514,M-1430,item:268967,0.0,6683600.0,38620.285813
1514,M-1810,item:268091,14400.0,14932800.0,14400.0
1514,SDC-1450,item:773474,0.0,60800000.0,16279513.0
1515,M-1430,item:268967,0.0,6683600.0,26720.306221
1515,M-1810,item:268091,14400.0,14947200.0,14400.0
1515,SDC-1450,item:773474,0.0,60800000.0,16279513.0
1516,M-1430,item:268967,107800.0,6791400.0,131257.898057
1516,M-1810,item:268091,14400.0,14961600.0,14400.0
1516,SDC-1450,item:773474,0.0,60800000.0,16279513.0
1517,M-1430,item:268967,0.0,6791400.0,131257.898057
1517,M-1810,item:268091,14400.0,14976000.0,14400.0
1517,SDC-1450,item:773474,3200000.0,64000000.0,18005080.0
1518,M-1430,item:268967,0.0,6791400.0,122022.000098
1518,M-1810,item:268091,14400.0,14990400.0,14400.0
1518,SDC-1450,item:773474,0.0,64000000.0,18005080.0
1519,M-1430,item:268967,0.0,6791400.0,111654.63275
1519,M-1810,item:268091,14400.0,15004800.0,14400.0
1519,SDC-1450,item:773474,0.0,64000000.0,18005080.0
1520,M-1430,item:268967,0.0,6791400.0,109753.510302
1520,M-1810,item:268091,14400.0,15019200.0,14400.0
1520,SDC-1450,item:773474,0.0,64000000.0,18005080.0
1521,M-1430,item:268967,0.0,6791400.0,109753.510302
1521,M-1810,item:268091,14400.0,15033600.0,14400.0
1521,SDC-1450,item:773474,0.0,64000000.0,18005080.0
1522,M-1430,item:268967,0.0,6791400.0,109753.510302
1522,M-1810,item:268091,14400.0,15048000.0,14400.0
1522,SDC-1450,item:773474,0.0,64000000.0,18005080.0
1523,M-1430,item:268967,0.0,6791400.0,109753.510302
1523,M-1810,item:268091,14400.0,15062400.0,14400.0
1523,SDC-1450,item:773474,0.0,64000000.0,18005080.0
1524,M-1430,item:268967,0.0,6791400.0,109753.510302
1524,M-1810,item:268091,14400.0,15076800.0,14400.0
1524,SDC-1450,item:773474,0.0,64000000.0,18005080.0
1525,M-1430,item:268967,0.0,6791400.0,109753.510302
1525,M-1810,item:268091,14400.0,15091200.0,14400.0
1525,SDC-1450,item:773474,0.0,64000000.0,18005080.0
1526,M-1430,item:268967,0.0,6791400.0,109753.510302
1526,M-1810,item:268091,14400.0,15105600.0,17566.408144
1526,SDC-1450,item:773474,0.0,64000000.0,18005080.0
1527,M-1430,item:268967,0.0,6791400.0,104104.918467
1527,M-1810,item:268091,14400.0,15120000.0,27849.918328
1527,SDC-1450,item:773474,0.0,64000000.0,18005080.0
1528,M-1430,item:268967,0.0,6791400.0,89197.102143
1528,M-1810,item:268091,14400.0,15134400.0,42249.918328
1528,SDC-1450,item:773474,0.0,64000000.0,18005080.0
1529,M-1430,item:268967,0.0,6791400.0,85278.632752
1529,M-1810,item:268091,14400.0,15148800.0,54075.7959
1529,SDC-1450,item:773474,0.0,64000000.0,18005080.0
1530,M-1430,item:268967,0.0,6791400.0,71485.265402
1530,M-1810,item:268091,0.0,15148800.0,44976.857145
1530,SDC-1450,item:773474,0.0,64000000.0,18005080.0
1531,M-1430,item:268967,0.0,6791400.0,47509.163358
1531,M-1810,item:268091,14400.0,15163200.0,46579.91837
1531,SDC-1450,item:773474,0.0,64000000.0,18005080.0
1532,M-1430,item:268967,0.0,6791400.0,30754.326625
1532,M-1810,item:268091,14400.0,15177600.0,51262.489779
1532,SDC-1450,item:773474,0.0,64000000.0,18005080.0
1533,M-1430,item:268967,107800.0,6899200.0,118842.408261
1533,M-1810,item:268091,14400.0,15192000.0,54835.46935
1533,SDC-1450,item:773474,0.0,64000000.0,18005080.0
1534,M-1430,item:268967,0.0,6899200.0,118842.408261
1534,M-1810,item:268091,14400.0,15206400.0,53929.387716
1534,SDC-1450,item:773474,0.0,64000000.0,16906480.0
1535,M-1430,item:268967,0.0,6899200.0,118842.408261
1535,M-1810,item:268091,14400.0,15220800.0,49363.87753
1535,SDC-1450,item:773474,0.0,64000000.0,16906480.0
1536,M-1430,item:268967,0.0,6899200.0,118842.408261
1536,M-1810,item:268091,14400.0,15235200.0,45328.040815
1536,SDC-1450,item:773474,0.0,64000000.0,16906480.0
1537,M-1430,item:268967,0.0,6899200.0,118842.408261
1537,M-1810,item:268091,14400.0,15249600.0,45191.346938
1537,SDC-1450,item:773474,0.0,64000000.0,16906480.0
1538,M-1430,item:268967,0.0,6899200.0,118842.408261
1538,M-1810,item:268091,14400.0,15264000.0,48134.163245
1538,SDC-1450,item:773474,0.0,64000000.0,16906480.0
1539,M-1430,item:268967,0.0,6899200.0,118842.408261
1539,M-1810,item:268091,14400.0,15278400.0,49967.387714
1539,SDC-1450,item:773474,0.0,64000000.0,16906480.0
1540,M-1430,item:268967,0.0,6899200.0,118842.408261
1540,M-1810,item:268091,14400.0,15292800.0,50136.653018
1540,SDC-1450,item:773474,0.0,64000000.0,16906480.0
1541,M-1430,item:268967,0.0,6899200.0,118842.408261
1541,M-1810,item:268091,14400.0,15307200.0,63879.999978
1541,SDC-1450,item:773474,0.0,64000000.0,16906480.0
1542,M-1430,item:268967,0.0,6899200.0,118842.408261
1542,M-1810,item:268091,0.0,15307200.0,49897.632652
1542,SDC-1450,item:773474,0.0,64000000.0,16906480.0
1543,M-1430,item:268967,0.0,6899200.0,118842.408261
1543,M-1810,item:268091,14400.0,15321600.0,37543.918366
1543,SDC-1450,item:773474,0.0,64000000.0,16906480.0
1544,M-1430,item:268967,0.0,6899200.0,118842.408261
1544,M-1810,item:268091,14400.0,15336000.0,14400.0
1544,SDC-1450,item:773474,0.0,64000000.0,16906480.0
1545,M-1430,item:268967,0.0,6899200.0,118842.408261
1545,M-1810,item:268091,14400.0,15350400.0,15619.510183
1545,SDC-1450,item:773474,0.0,64000000.0,16906480.0
1546,M-1430,item:268967,0.0,6899200.0,116738.571523
1546,M-1810,item:268091,14400.0,15364800.0,14400.0
1546,SDC-1450,item:773474,0.0,64000000.0,16906480.0
1547,M-1430,item:268967,0.0,6899200.0,109417.36744
1547,M-1810,item:268091,14400.0,15379200.0,14400.0
1547,SDC-1450,item:773474,0.0,64000000.0,16906480.0
1548,M-1430,item:268967,0.0,6899200.0,98934.979687
1548,M-1810,item:268091,14400.0,15393600.0,21163.285692
1548,SDC-1450,item:773474,0.0,64000000.0,16906480.0
1549,M-1430,item:268967,0.0,6899200.0,98934.979687
1549,M-1810,item:268091,14400.0,15408000.0,35563.285692
1549,SDC-1450,item:773474,0.0,64000000.0,16906480.0
1550,M-1430,item:268967,0.0,6899200.0,95583.183772
1550,M-1810,item:268091,14400.0,15422400.0,49963.285692
1550,SDC-1450,item:773474,0.0,64000000.0,16906480.0
1551,M-1430,item:268967,0.0,6899200.0,86823.408267
1551,M-1810,item:268091,0.0,15422400.0,49963.285692
1551,SDC-1450,item:773474,0.0,64000000.0,16906480.0
1552,M-1430,item:268967,0.0,6899200.0,75959.796024
1552,M-1810,item:268091,0.0,15422400.0,49963.285692
1552,SDC-1450,item:773474,0.0,64000000.0,16906480.0
1553,M-1430,item:268967,0.0,6899200.0,68352.673574
1553,M-1810,item:268091,0.0,15422400.0,49963.285692
1553,SDC-1450,item:773474,0.0,64000000.0,16906480.0
1554,M-1430,item:268967,0.0,6899200.0,65377.408265
1554,M-1810,item:268091,0.0,15422400.0,49963.285692
1554,SDC-1450,item:773474,0.0,64000000.0,16906480.0
1555,M-1430,item:268967,0.0,6899200.0,63684.469489
1555,M-1810,item:268091,0.0,15422400.0,49963.285692
1555,SDC-1450,item:773474,0.0,64000000.0,16906480.0
1556,M-1430,item:268967,0.0,6899200.0,55573.693978
1556,M-1810,item:268091,0.0,15422400.0,49963.285692
1556,SDC-1450,item:773474,0.0,64000000.0,16906480.0
1557,M-1430,item:268967,0.0,6899200.0,45620.245003
1557,M-1810,item:268091,0.0,15422400.0,49963.285692
1557,SDC-1450,item:773474,0.0,64000000.0,16906480.0
1558,M-1430,item:268967,0.0,6899200.0,37173.653172
1558,M-1810,item:268091,0.0,15422400.0,49963.285692
1558,SDC-1450,item:773474,0.0,64000000.0,16906480.0
1559,M-1430,item:268967,0.0,6899200.0,22030.102158
1559,M-1810,item:268091,0.0,15422400.0,49963.285692
1559,SDC-1450,item:773474,0.0,64000000.0,16906480.0
1560,M-1430,item:268967,107800.0,7007000.0,116343.142977
1560,M-1810,item:268091,0.0,15422400.0,49963.285692
1560,SDC-1450,item:773474,0.0,64000000.0,16906480.0
1561,M-1430,item:268967,0.0,7007000.0,116343.142977
1561,M-1810,item:268091,0.0,15422400.0,42756.550998
1561,SDC-1450,item:773474,0.0,64000000.0,16357177.0
1562,M-1430,item:268967,0.0,7007000.0,116343.142977
1562,M-1810,item:268091,14400.0,15436800.0,28844.204059
1562,SDC-1450,item:773474,0.0,64000000.0,16357177.0
1563,M-1430,item:268967,0.0,7007000.0,116343.142977
1563,M-1810,item:268091,14400.0,15451200.0,14400.0
1563,SDC-1450,item:773474,0.0,64000000.0,16357177.0
1564,M-1430,item:268967,0.0,7007000.0,116343.142977
1564,M-1810,item:268091,14400.0,15465600.0,14400.0
1564,SDC-1450,item:773474,0.0,64000000.0,16357177.0
1565,M-1430,item:268967,0.0,7007000.0,116343.142977
1565,M-1810,item:268091,14400.0,15480000.0,14400.0
1565,SDC-1450,item:773474,0.0,64000000.0,16357177.0
1566,M-1430,item:268967,0.0,7007000.0,116343.142977
1566,M-1810,item:268091,14400.0,15494400.0,14400.0
1566,SDC-1450,item:773474,0.0,64000000.0,16357177.0
1567,M-1430,item:268967,0.0,7007000.0,116343.142977
1567,M-1810,item:268091,14400.0,15508800.0,14400.0
1567,SDC-1450,item:773474,0.0,64000000.0,16357177.0
1568,M-1430,item:268967,0.0,7007000.0,116343.142977
1568,M-1810,item:268091,14400.0,15523200.0,14400.0
1568,SDC-1450,item:773474,0.0,64000000.0,16357177.0
1569,M-1430,item:268967,0.0,7007000.0,116343.142977
1569,M-1810,item:268091,14400.0,15537600.0,14400.0
1569,SDC-1450,item:773474,0.0,64000000.0,16357177.0
1570,M-1430,item:268967,0.0,7007000.0,116343.142977
1570,M-1810,item:268091,14400.0,15552000.0,14400.0
1570,SDC-1450,item:773474,0.0,64000000.0,16357177.0
1571,M-1430,item:268967,0.0,7007000.0,116343.142977
1571,M-1810,item:268091,14400.0,15566400.0,14400.0
1571,SDC-1450,item:773474,0.0,64000000.0,16357177.0
1572,M-1430,item:268967,0.0,7007000.0,116343.142977
1572,M-1810,item:268091,14400.0,15580800.0,28800.0
1572,SDC-1450,item:773474,0.0,64000000.0,16357177.0
1573,M-1430,item:268967,0.0,7007000.0,116343.142977
1573,M-1810,item:268091,14400.0,15595200.0,43200.0
1573,SDC-1450,item:773474,0.0,64000000.0,16357177.0
1574,M-1430,item:268967,0.0,7007000.0,116343.142977
1574,M-1810,item:268091,0.0,15595200.0,43200.0
1574,SDC-1450,item:773474,0.0,64000000.0,16357177.0
1575,M-1430,item:268967,0.0,7007000.0,116343.142977
1575,M-1810,item:268091,0.0,15595200.0,43200.0
1575,SDC-1450,item:773474,0.0,64000000.0,16357177.0
1576,M-1430,item:268967,0.0,7007000.0,116343.142977
1576,M-1810,item:268091,0.0,15595200.0,43200.0
1576,SDC-1450,item:773474,0.0,64000000.0,16357177.0
1577,M-1430,item:268967,0.0,7007000.0,116343.142977
1577,M-1810,item:268091,0.0,15595200.0,43200.0
1577,SDC-1450,item:773474,0.0,64000000.0,16357177.0
1578,M-1430,item:268967,0.0,7007000.0,116343.142977
1578,M-1810,item:268091,0.0,15595200.0,43200.0
1578,SDC-1450,item:773474,0.0,64000000.0,16357177.0
1579,M-1430,item:268967,0.0,7007000.0,116343.142977
1579,M-1810,item:268091,0.0,15595200.0,43200.0
1579,SDC-1450,item:773474,0.0,64000000.0,16357177.0
1580,M-1430,item:268967,0.0,7007000.0,116343.142977
1580,M-1810,item:268091,0.0,15595200.0,43200.0
1580,SDC-1450,item:773474,0.0,64000000.0,16357177.0
1581,M-1430,item:268967,0.0,7007000.0,116343.142977
1581,M-1810,item:268091,0.0,15595200.0,43200.0
1581,SDC-1450,item:773474,0.0,64000000.0,16357177.0
1582,M-1430,item:268967,0.0,7007000.0,116343.142977
1582,M-1810,item:268091,0.0,15595200.0,43200.0
1582,SDC-1450,item:773474,0.0,64000000.0,16357177.0
1583,M-1430,item:268967,0.0,7007000.0,116343.142977
1583,M-1810,item:268091,0.0,15595200.0,43200.0
1583,SDC-1450,item:773474,0.0,64000000.0,16357177.0
1584,M-1430,item:268967,0.0,7007000.0,116343.142977
1584,M-1810,item:268091,0.0,15595200.0,43200.0
1584,SDC-1450,item:773474,0.0,64000000.0,16357177.0
1585,M-1430,item:268967,0.0,7007000.0,116343.142977
1585,M-1810,item:268091,0.0,15595200.0,43200.0
1585,SDC-1450,item:773474,0.0,64000000.0,16357177.0
1586,M-1430,item:268967,0.0,7007000.0,116343.142977
1586,M-1810,item:268091,0.0,15595200.0,43200.0
1586,SDC-1450,item:773474,0.0,64000000.0,16357177.0
1587,M-1430,item:268967,0.0,7007000.0,116343.142977
1587,M-1810,item:268091,0.0,15595200.0,43200.0
1587,SDC-1450,item:773474,0.0,64000000.0,16357177.0
1588,M-1430,item:268967,0.0,7007000.0,116343.142977
1588,M-1810,item:268091,0.0,15595200.0,43200.0
1588,SDC-1450,item:773474,0.0,64000000.0,16357177.0
1589,M-1430,item:268967,0.0,7007000.0,116343.142977
1589,M-1810,item:268091,0.0,15595200.0,29597.102013
1589,SDC-1450,item:773474,0.0,64000000.0,16357177.0
1590,M-1430,item:268967,0.0,7007000.0,116343.142977
1590,M-1810,item:268091,14400.0,15609600.0,14400.0
1590,SDC-1450,item:773474,0.0,64000000.0,16357177.0
1591,M-1430,item:268967,0.0,7007000.0,116343.142977
1591,M-1810,item:268091,14400.0,15624000.0,14400.0
1591,SDC-1450,item:773474,0.0,64000000.0,16357177.0
1592,M-1430,item:268967,0.0,7007000.0,116343.142977
1592,M-1810,item:268091,14400.0,15638400.0,14400.0
1592,SDC-1450,item:773474,0.0,64000000.0,16357177.0
1593,M-1430,item:268967,0.0,7007000.0,116343.142977
1593,M-1810,item:268091,14400.0,15652800.0,14400.0
1593,SDC-1450,item:773474,0.0,64000000.0,16357177.0
1594,M-1430,item:268967,0.0,7007000.0,116343.142977
1594,M-1810,item:268091,14400.0,15667200.0,14400.0
1594,SDC-1450,item:773474,0.0,64000000.0,16357177.0
1595,M-1430,item:268967,0.0,7007000.0,116343.142977
1595,M-1810,item:268091,14400.0,15681600.0,14400.0
1595,SDC-1450,item:773474,0.0,64000000.0,16357177.0
1596,M-1430,item:268967,0.0,7007000.0,116343.142977
1596,M-1810,item:268091,14400.0,15696000.0,14400.0
1596,SDC-1450,item:773474,0.0,64000000.0,16357177.0
1597,M-1430,item:268967,0.0,7007000.0,116343.142977
1597,M-1810,item:268091,14400.0,15710400.0,14400.0
1597,SDC-1450,item:773474,0.0,64000000.0,16357177.0
1598,M-1430,item:268967,0.0,7007000.0,116343.142977
1598,M-1810,item:268091,14400.0,15724800.0,14400.0
1598,SDC-1450,item:773474,0.0,64000000.0,16357177.0
1599,M-1430,item:268967,0.0,7007000.0,116343.142977
1599,M-1810,item:268091,14400.0,15739200.0,14400.0
1599,SDC-1450,item:773474,0.0,64000000.0,16357177.0
1600,M-1430,item:268967,0.0,7007000.0,116343.142977
1600,M-1810,item:268091,14400.0,15753600.0,14400.0
1600,SDC-1450,item:773474,0.0,64000000.0,16357177.0
1601,M-1430,item:268967,0.0,7007000.0,116343.142977
1601,M-1810,item:268091,14400.0,15768000.0,14400.0
1601,SDC-1450,item:773474,0.0,64000000.0,16357177.0
1602,M-1430,item:268967,0.0,7007000.0,116343.142977
1602,M-1810,item:268091,14400.0,15782400.0,24941.142828
1602,SDC-1450,item:773474,0.0,64000000.0,16357177.0
1603,M-1430,item:268967,0.0,7007000.0,116343.142977
1603,M-1810,item:268091,14400.0,15796800.0,23470.673411
1603,SDC-1450,item:773474,0.0,64000000.0,16357177.0
1604,M-1430,item:268967,0.0,7007000.0,116343.142977
1604,M-1810,item:268091,14400.0,15811200.0,29605.591808
1604,SDC-1450,item:773474,0.0,64000000.0,16357177.0
1605,M-1430,item:268967,0.0,7007000.0,116343.142977
1605,M-1810,item:268091,14400.0,15825600.0,23504.244899
1605,SDC-1450,item:773474,0.0,64000000.0,16357177.0
1606,M-1430,item:268967,0.0,7007000.0,116343.142977
1606,M-1810,item:268091,14400.0,15840000.0,14400.0
1606,SDC-1450,item:773474,0.0,64000000.0,16357177.0
1607,M-1430,item:268967,0.0,7007000.0,116343.142977
1607,M-1810,item:268091,14400.0,15854400.0,14400.0
1607,SDC-1450,item:773474,0.0,64000000.0,16357177.0
1608,M-1430,item:268967,0.0,7007000.0,116343.142977
1608,M-1810,item:268091,14400.0,15868800.0,23186.571402
1608,SDC-1450,item:773474,0.0,64000000.0,16357177.0
1609,M-1430,item:268967,0.0,7007000.0,116343.142977
1609,M-1810,item:268091,14400.0,15883200.0,33687.571376
1609,SDC-1450,item:773474,0.0,64000000.0,16357177.0
1610,M-1430,item:268967,0.0,7007000.0,116343.142977
1610,M-1810,item:268091,14400.0,15897600.0,42697.367296
1610,SDC-1450,item:773474,0.0,64000000.0,16357177.0
1611,M-1430,item:268967,0.0,7007000.0,116343.142977
1611,M-1810,item:268091,14400.0,15912000.0,48768.755079
1611,SDC-1450,item:773474,0.0,64000000.0,16357177.0
1612,M-1430,item:268967,0.0,7007000.0,116343.142977
1612,M-1810,item:268091,14400.0,15926400.0,53660.163271
1612,SDC-1450,item:773474,0.0,64000000.0,16357177.0
1613,M-1430,item:268967,0.0,7007000.0,116343.142977
1613,M-1810,item:268091,0.0,15926400.0,46177.224496
1613,SDC-1450,item:773474,0.0,64000000.0,16357177.0
1614,M-1430,item:268967,0.0,7007000.0,116343.142977
1614,M-1810,item:268091,14400.0,15940800.0,47058.551028
1614,SDC-1450,item:773474,0.0,64000000.0,16357177.0
1615,M-1430,item:268967,0.0,7007000.0,116343.142977
1615,M-1810,item:268091,0.0,15940800.0,44762.897941
1615,SDC-1450,item:773474,0.0,64000000.0,16357177.0
1616,M-1430,item:268967,0.0,7007000.0,116343.142977
1616,M-1810,item:268091,0.0,15940800.0,44762.897941
1616,SDC-1450,item:773474,0.0,64000000.0,16357177.0
1617,M-1430,item:268967,0.0,7007000.0,116343.142977
1617,M-1810,item:268091,0.0,15940800.0,44762.897941
1617,SDC-1450,item:773474,0.0,64000000.0,16357177.0
1618,M-1430,item:268967,0.0,7007000.0,116343.142977
1618,M-1810,item:268091,0.0,15940800.0,44417.244878
1618,SDC-1450,item:773474,0.0,64000000.0,16357177.0
1619,M-1430,item:268967,0.0,7007000.0,116343.142977
1619,M-1810,item:268091,0.0,15940800.0,40379.836712
1619,SDC-1450,item:773474,0.0,64000000.0,16357177.0
1620,M-1430,item:268967,0.0,7007000.0,116343.142977
1620,M-1810,item:268091,0.0,15940800.0,33322.83671
1620,SDC-1450,item:773474,0.0,64000000.0,16357177.0
1621,M-1430,item:268967,0.0,7007000.0,116343.142977
1621,M-1810,item:268091,14400.0,15955200.0,41664.510179
1621,SDC-1450,item:773474,0.0,64000000.0,16357177.0
1622,M-1430,item:268967,0.0,7007000.0,116343.142977
1622,M-1810,item:268091,0.0,15955200.0,39950.959159
1622,SDC-1450,item:773474,0.0,64000000.0,16357177.0
1623,M-1430,item:268967,0.0,7007000.0,116343.142977
1623,M-1810,item:268091,0.0,15955200.0,39950.959159
1623,SDC-1450,item:773474,0.0,64000000.0,16357177.0
1624,M-1430,item:268967,0.0,7007000.0,73226.142967
1624,M-1810,item:268091,14400.0,15969600.0,42659.673444
1624,SDC-1450,item:773474,0.0,64000000.0,16357177.0
1625,M-1430,item:268967,107800.0,7114800.0,107800.0
1625,M-1810,item:268091,14400.0,15984000.0,29444.020383
1625,SDC-1450,item:773474,0.0,64000000.0,16357177.0
1626,M-1430,item:268967,107800.0,7222600.0,111379.714286
1626,M-1810,item:268091,14400.0,15998400.0,14400.0
1626,SDC-1450,item:773474,3200000.0,67200000.0,18516399.0
1627,M-1430,item:268967,107800.0,7330400.0,162581.571429
1627,M-1810,item:268091,14400.0,16012800.0,14400.0
1627,SDC-1450,item:773474,0.0,67200000.0,16434842.0
1628,M-1430,item:268967,0.0,7330400.0,119619.428682
1628,M-1810,item:268091,14400.0,16027200.0,18799.387732
1628,SDC-1450,item:773474,3200000.0,70400000.0,16512507.0
1629,M-1430,item:268967,107800.0,7438200.0,178473.285936
1629,M-1810,item:268091,14400.0,16041600.0,19432.530567
1629,SDC-1450,item:773474,0.0,70400000.0,16512507.0
1630,M-1430,item:268967,0.0,7438200.0,106915.143079
1630,M-1810,item:268091,14400.0,16056000.0,14400.0
1630,SDC-1450,item:773474,3200000.0,73600000.0,15549393.0
1631,M-1430,item:268967,107800.0,7546000.0,143157.000222
1631,M-1810,item:268091,14400.0,16070400.0,23199.959163
1631,SDC-1450,item:773474,3200000.0,76800000.0,18749393.0
1632,M-1430,item:268967,0.0,7546000.0,143157.000222
1632,M-1810,item:268091,14400.0,16084800.0,15331.693837
1632,SDC-1450,item:773474,3200000.0,80000000.0,16745500.0
1633,M-1430,item:268967,0.0,7546000.0,143157.000222
1633,M-1810,item:268091,14400.0,16099200.0,14400.0
1633,SDC-1450,item:773474,0.0,80000000.0,16745500.0
1634,M-1430,item:268967,0.0,7546000.0,143157.000222
1634,M-1810,item:268091,14400.0,16113600.0,14400.0
1634,SDC-1450,item:773474,0.0,80000000.0,16745500.0
1635,M-1430,item:268967,0.0,7546000.0,143157.000222
1635,M-1810,item:268091,14400.0,16128000.0,14400.0
1635,SDC-1450,item:773474,0.0,80000000.0,16745500.0
1636,M-1430,item:268967,0.0,7546000.0,143157.000222
1636,M-1810,item:268091,14400.0,16142400.0,14400.0
1636,SDC-1450,item:773474,0.0,80000000.0,16745500.0
1637,M-1430,item:268967,0.0,7546000.0,143157.000222
1637,M-1810,item:268091,14400.0,16156800.0,14400.0
1637,SDC-1450,item:773474,0.0,80000000.0,16745500.0
1638,M-1430,item:268967,0.0,7546000.0,143157.000222
1638,M-1810,item:268091,14400.0,16171200.0,14400.0
1638,SDC-1450,item:773474,0.0,80000000.0,16745500.0
1639,M-1430,item:268967,0.0,7546000.0,143157.000222
1639,M-1810,item:268091,14400.0,16185600.0,14400.0
1639,SDC-1450,item:773474,0.0,80000000.0,16745500.0
1640,M-1430,item:268967,0.0,7546000.0,143157.000222
1640,M-1810,item:268091,14400.0,16200000.0,23919.163245
1640,SDC-1450,item:773474,0.0,80000000.0,16745500.0
1641,M-1430,item:268967,0.0,7546000.0,143157.000222
1641,M-1810,item:268091,14400.0,16214400.0,38319.163245
1641,SDC-1450,item:773474,0.0,80000000.0,16745500.0
1642,M-1430,item:268967,0.0,7546000.0,143157.000222
1642,M-1810,item:268091,14400.0,16228800.0,52719.163245
1642,SDC-1450,item:773474,0.0,80000000.0,16745500.0
1643,M-1430,item:268967,0.0,7546000.0,143157.000222
1643,M-1810,item:268091,0.0,16228800.0,52719.163245
1643,SDC-1450,item:773474,0.0,80000000.0,16745500.0
1644,M-1430,item:268967,0.0,7546000.0,143157.000222
1644,M-1810,item:268091,0.0,16228800.0,52719.163245
1644,SDC-1450,item:773474,0.0,80000000.0,16745500.0
1645,M-1430,item:268967,0.0,7546000.0,143157.000222
1645,M-1810,item:268091,0.0,16228800.0,51714.265278
1645,SDC-1450,item:773474,0.0,80000000.0,16745500.0
1646,M-1430,item:268967,0.0,7546000.0,143157.000222
1646,M-1810,item:268091,14400.0,16243200.0,52428.326495
1646,SDC-1450,item:773474,0.0,80000000.0,16745500.0
1647,M-1430,item:268967,0.0,7546000.0,143157.000222
1647,M-1810,item:268091,14400.0,16257600.0,41227.653025
1647,SDC-1450,item:773474,0.0,80000000.0,16745500.0
1648,M-1430,item:268967,0.0,7546000.0,143157.000222
1648,M-1810,item:268091,14400.0,16272000.0,30554.693849
1648,SDC-1450,item:773474,0.0,80000000.0,16745500.0
1649,M-1430,item:268967,0.0,7546000.0,143157.000222
1649,M-1810,item:268091,14400.0,16286400.0,32085.591816
1649,SDC-1450,item:773474,0.0,80000000.0,16745500.0
1650,M-1430,item:268967,0.0,7546000.0,143157.000222
1650,M-1810,item:268091,14400.0,16300800.0,19981.08162
1650,SDC-1450,item:773474,0.0,80000000.0,16745500.0
1651,M-1430,item:268967,0.0,7546000.0,143157.000222
1651,M-1810,item:268091,14400.0,16315200.0,14400.0
1651,SDC-1450,item:773474,0.0,80000000.0,16745500.0
1652,M-1430,item:268967,0.0,7546000.0,143157.000222
1652,M-1810,item:268091,14400.0,16329600.0,28800.0
1652,SDC-1450,item:773474,0.0,80000000.0,16745500.0
1653,M-1430,item:268967,0.0,7546000.0,143157.000222
1653,M-1810,item:268091,14400.0,16344000.0,43200.0
1653,SDC-1450,item:773474,0.0,80000000.0,16745500.0
1654,M-1430,item:268967,0.0,7546000.0,143157.000222
1654,M-1810,item:268091,0.0,16344000.0,43200.0
1654,SDC-1450,item:773474,0.0,80000000.0,16745500.0
1655,M-1430,item:268967,0.0,7546000.0,143157.000222
1655,M-1810,item:268091,0.0,16344000.0,43200.0
1655,SDC-1450,item:773474,0.0,80000000.0,16745500.0
1656,M-1430,item:268967,0.0,7546000.0,143157.000222
1656,M-1810,item:268091,0.0,16344000.0,43200.0
1656,SDC-1450,item:773474,0.0,80000000.0,16745500.0
1657,M-1430,item:268967,0.0,7546000.0,143157.000222
1657,M-1810,item:268091,0.0,16344000.0,43200.0
1657,SDC-1450,item:773474,0.0,80000000.0,16745500.0
1658,M-1430,item:268967,0.0,7546000.0,143157.000222
1658,M-1810,item:268091,0.0,16344000.0,43200.0
1658,SDC-1450,item:773474,0.0,80000000.0,16745500.0
1659,M-1430,item:268967,0.0,7546000.0,143157.000222
1659,M-1810,item:268091,0.0,16344000.0,43200.0
1659,SDC-1450,item:773474,0.0,80000000.0,16745500.0
1660,M-1430,item:268967,0.0,7546000.0,143157.000222
1660,M-1810,item:268091,14400.0,16358400.0,43853.714266
1660,SDC-1450,item:773474,0.0,80000000.0,16745500.0
1661,M-1430,item:268967,0.0,7546000.0,143157.000222
1661,M-1810,item:268091,14400.0,16372800.0,21071.57139
1661,SDC-1450,item:773474,0.0,80000000.0,16745500.0
1662,M-1430,item:268967,0.0,7546000.0,143157.000222
1662,M-1810,item:268091,14400.0,16387200.0,14400.0
1662,SDC-1450,item:773474,0.0,80000000.0,16745500.0
1663,M-1430,item:268967,0.0,7546000.0,143157.000222
1663,M-1810,item:268091,14400.0,16401600.0,14400.0
1663,SDC-1450,item:773474,0.0,80000000.0,16745500.0
1664,M-1430,item:268967,0.0,7546000.0,143157.000222
1664,M-1810,item:268091,14400.0,16416000.0,14400.0
1664,SDC-1450,item:773474,0.0,80000000.0,16745500.0
1665,M-1430,item:268967,0.0,7546000.0,143157.000222
1665,M-1810,item:268091,14400.0,16430400.0,14400.0
1665,SDC-1450,item:773474,0.0,80000000.0,16745500.0
1666,M-1430,item:268967,0.0,7546000.0,143157.000222
1666,M-1810,item:268091,14400.0,16444800.0,14400.0
1666,SDC-1450,item:773474,0.0,80000000.0,16745500.0
1667,M-1430,item:268967,0.0,7546000.0,143157.000222
1667,M-1810,item:268091,14400.0,16459200.0,14400.0
1667,SDC-1450,item:773474,0.0,80000000.0,16745500.0
1668,M-1430,item:268967,0.0,7546000.0,143157.000222
1668,M-1810,item:268091,14400.0,16473600.0,14400.0
1668,SDC-1450,item:773474,0.0,80000000.0,16745500.0
1669,M-1430,item:268967,0.0,7546000.0,143157.000222
1669,M-1810,item:268091,14400.0,16488000.0,28800.0
1669,SDC-1450,item:773474,0.0,80000000.0,16745500.0
1670,M-1430,item:268967,0.0,7546000.0,143157.000222
1670,M-1810,item:268091,14400.0,16502400.0,43200.0
1670,SDC-1450,item:773474,0.0,80000000.0,16745500.0
1671,M-1430,item:268967,0.0,7546000.0,143157.000222
1671,M-1810,item:268091,0.0,16502400.0,43200.0
1671,SDC-1450,item:773474,0.0,80000000.0,16745500.0
1672,M-1430,item:268967,0.0,7546000.0,143157.000222
1672,M-1810,item:268091,0.0,16502400.0,43200.0
1672,SDC-1450,item:773474,0.0,80000000.0,16745500.0
1673,M-1430,item:268967,0.0,7546000.0,143157.000222
1673,M-1810,item:268091,0.0,16502400.0,43200.0
1673,SDC-1450,item:773474,0.0,80000000.0,16745500.0
1674,M-1430,item:268967,0.0,7546000.0,143157.000222
1674,M-1810,item:268091,0.0,16502400.0,43200.0
1674,SDC-1450,item:773474,0.0,80000000.0,16745500.0
1675,M-1430,item:268967,0.0,7546000.0,143157.000222
1675,M-1810,item:268091,0.0,16502400.0,43200.0
1675,SDC-1450,item:773474,0.0,80000000.0,16745500.0
1676,M-1430,item:268967,0.0,7546000.0,143157.000222
1676,M-1810,item:268091,0.0,16502400.0,43200.0
1676,SDC-1450,item:773474,0.0,80000000.0,16745500.0
1677,M-1430,item:268967,0.0,7546000.0,143157.000222
1677,M-1810,item:268091,0.0,16502400.0,43200.0
1677,SDC-1450,item:773474,0.0,80000000.0,16745500.0
1678,M-1430,item:268967,0.0,7546000.0,143157.000222
1678,M-1810,item:268091,0.0,16502400.0,43200.0
1678,SDC-1450,item:773474,0.0,80000000.0,16745500.0
1679,M-1430,item:268967,0.0,7546000.0,143157.000222
1679,M-1810,item:268091,0.0,16502400.0,43200.0
1679,SDC-1450,item:773474,0.0,80000000.0,16745500.0
1680,M-1430,item:268967,0.0,7546000.0,143157.000222
1680,M-1810,item:268091,0.0,16502400.0,43200.0
1680,SDC-1450,item:773474,0.0,80000000.0,16745500.0
1681,M-1430,item:268967,0.0,7546000.0,143157.000222
1681,M-1810,item:268091,0.0,16502400.0,43200.0
1681,SDC-1450,item:773474,0.0,80000000.0,16745500.0
1682,M-1430,item:268967,0.0,7546000.0,143157.000222
1682,M-1810,item:268091,0.0,16502400.0,43200.0
1682,SDC-1450,item:773474,0.0,80000000.0,16745500.0
1683,M-1430,item:268967,0.0,7546000.0,143157.000222
1683,M-1810,item:268091,0.0,16502400.0,43200.0
1683,SDC-1450,item:773474,0.0,80000000.0,16745500.0
1684,M-1430,item:268967,0.0,7546000.0,143157.000222
1684,M-1810,item:268091,0.0,16502400.0,43200.0
1684,SDC-1450,item:773474,0.0,80000000.0,16745500.0
1685,M-1430,item:268967,0.0,7546000.0,143157.000222
1685,M-1810,item:268091,0.0,16502400.0,43200.0
1685,SDC-1450,item:773474,0.0,80000000.0,16745500.0
1686,M-1430,item:268967,0.0,7546000.0,143157.000222
1686,M-1810,item:268091,0.0,16502400.0,40140.571401
1686,SDC-1450,item:773474,0.0,80000000.0,16745500.0
1687,M-1430,item:268967,0.0,7546000.0,143157.000222
1687,M-1810,item:268091,0.0,16502400.0,31551.3877
1687,SDC-1450,item:773474,0.0,80000000.0,16745500.0
1688,M-1430,item:268967,0.0,7546000.0,143157.000222
1688,M-1810,item:268091,14400.0,16516800.0,34864.550967
1688,SDC-1450,item:773474,0.0,80000000.0,16745500.0
1689,M-1430,item:268967,0.0,7546000.0,143157.000222
1689,M-1810,item:268091,0.0,16516800.0,26782.489771
1689,SDC-1450,item:773474,0.0,80000000.0,16745500.0
1690,M-1430,item:268967,0.0,7546000.0,143157.000222
1690,M-1810,item:268091,0.0,16516800.0,24175.530615
1690,SDC-1450,item:773474,0.0,80000000.0,16745500.0
1691,M-1430,item:268967,0.0,7546000.0,143157.000222
1691,M-1810,item:268091,0.0,16516800.0,24175.530615
1691,SDC-1450,item:773474,0.0,80000000.0,16745500.0
1692,M-1430,item:268967,0.0,7546000.0,143157.000222
1692,M-1810,item:268091,14400.0,16531200.0,35352.142833
1692,SDC-1450,item:773474,0.0,80000000.0,16745500.0
1693,M-1430,item:268967,0.0,7546000.0,143157.000222
1693,M-1810,item:268091,14400.0,16545600.0,40835.040766
1693,SDC-1450,item:773474,0.0,80000000.0,16745500.0
1694,M-1430,item:268967,0.0,7546000.0,143157.000222
1694,M-1810,item:268091,14400.0,16560000.0,31446.510154
1694,SDC-1450,item:773474,0.0,80000000.0,16745500.0
1695,M-1430,item:268967,0.0,7546000.0,143157.000222
1695,M-1810,item:268091,14400.0,16574400.0,14400.0
1695,SDC-1450,item:773474,0.0,80000000.0,16745500.0
1696,M-1430,item:268967,0.0,7546000.0,143157.000222
1696,M-1810,item:268091,14400.0,16588800.0,28800.0
1696,SDC-1450,item:773474,0.0,80000000.0,16745500.0
1697,M-1430,item:268967,0.0,7546000.0,143157.000222
1697,M-1810,item:268091,14400.0,16603200.0,24165.693852
1697,SDC-1450,item:773474,0.0,80000000.0,16745500.0
1698,M-1430,item:268967,0.0,7546000.0,141532.673584
1698,M-1810,item:268091,14400.0,16617600.0,14400.0
1698,SDC-1450,item:773474,0.0,80000000.0,16745500.0
1699,M-1430,item:268967,0.0,7546000.0,114494.95919
1699,M-1810,item:268091,14400.0,16632000.0,14400.0
1699,SDC-1450,item:773474,0.0,80000000.0,16745500.0
1700,M-1430,item:268967,0.0,7546000.0,62567.285717
1700,M-1810,item:268091,14400.0,16646400.0,14400.0
1700,SDC-1450,item:773474,0.0,80000000.0,16745500.0
1701,M-1430,item:268967,0.0,7546000.0,37677.326639
1701,M-1810,item:268091,14400.0,16660800.0,14400.0
1701,SDC-1450,item:773474,0.0,80000000.0,16745500.0
1702,M-1430,item:268967,107800.0,7653800.0,120587.367561
1702,M-1810,item:268091,14400.0,16675200.0,14400.0
1702,SDC-1450,item:773474,0.0,80000000.0,16745500.0
1703,M-1430,item:268967,0.0,7653800.0,120587.367561
1703,M-1810,item:268091,14400.0,16689600.0,14400.0
1703,SDC-1450,item:773474,0.0,80000000.0,16745500.0
1704,M-1430,item:268967,0.0,7653800.0,120587.367561
1704,M-1810,item:268091,14400.0,16704000.0,14917.081606
1704,SDC-1450,item:773474,0.0,80000000.0,16745500.0
1705,M-1430,item:268967,0.0,7653800.0,120587.367561
1705,M-1810,item:268091,14400.0,16718400.0,14400.0
1705,SDC-1450,item:773474,0.0,80000000.0,16745500.0
1706,M-1430,item:268967,0.0,7653800.0,120587.367561
1706,M-1810,item:268091,14400.0,16732800.0,28800.0
1706,SDC-1450,item:773474,0.0,80000000.0,16745500.0
1707,M-1430,item:268967,0.0,7653800.0,120587.367561
1707,M-1810,item:268091,14400.0,16747200.0,43200.0
1707,SDC-1450,item:773474,0.0,80000000.0,16745500.0
1708,M-1430,item:268967,0.0,7653800.0,120587.367561
1708,M-1810,item:268091,0.0,16747200.0,43200.0
1708,SDC-1450,item:773474,0.0,80000000.0,16745500.0
1709,M-1430,item:268967,0.0,7653800.0,120587.367561
1709,M-1810,item:268091,14400.0,16761600.0,50984.367322
1709,SDC-1450,item:773474,0.0,80000000.0,16745500.0
1710,M-1430,item:268967,0.0,7653800.0,120587.367561
1710,M-1810,item:268091,14400.0,16776000.0,50298.387705
1710,SDC-1450,item:773474,0.0,80000000.0,16745500.0
1711,M-1430,item:268967,0.0,7653800.0,120587.367561
1711,M-1810,item:268091,14400.0,16790400.0,47819.67342
1711,SDC-1450,item:773474,0.0,80000000.0,16745500.0
1712,M-1430,item:268967,0.0,7653800.0,120587.367561
1712,M-1810,item:268091,0.0,16790400.0,37680.550997
1712,SDC-1450,item:773474,0.0,80000000.0,16745500.0
1713,M-1430,item:268967,0.0,7653800.0,120587.367561
1713,M-1810,item:268091,14400.0,16804800.0,50535.734696
1713,SDC-1450,item:773474,0.0,80000000.0,16745500.0
1714,M-1430,item:268967,0.0,7653800.0,120587.367561
1714,M-1810,item:268091,0.0,16804800.0,50535.734696
1714,SDC-1450,item:773474,0.0,80000000.0,16745500.0
1715,M-1430,item:268967,0.0,7653800.0,120587.367561
1715,M-1810,item:268091,0.0,16804800.0,41118.40814
1715,SDC-1450,item:773474,0.0,80000000.0,16745500.0
1716,M-1430,item:268967,0.0,7653800.0,120587.367561
1716,M-1810,item:268091,14400.0,16819200.0,34617.46934
1716,SDC-1450,item:773474,0.0,80000000.0,16745500.0
1717,M-1430,item:268967,0.0,7653800.0,120587.367561
1717,M-1810,item:268091,14400.0,16833600.0,25900.653014
1717,SDC-1450,item:773474,0.0,80000000.0,16745500.0
1718,M-1430,item:268967,0.0,7653800.0,120587.367561
1718,M-1810,item:268091,14400.0,16848000.0,26301.979571
1718,SDC-1450,item:773474,0.0,80000000.0,16745500.0
1719,M-1430,item:268967,0.0,7653800.0,120587.367561
1719,M-1810,item:268091,14400.0,16862400.0,37887.734699
1719,SDC-1450,item:773474,0.0,80000000.0,16745500.0
1720,M-1430,item:268967,0.0,7653800.0,120587.367561
1720,M-1810,item:268091,14400.0,16876800.0,52287.734699
1720,SDC-1450,item:773474,0.0,80000000.0,16745500.0
1721,M-1430,item:268967,0.0,7653800.0,120587.367561
1721,M-1810,item:268091,14400.0,16891200.0,56372.857123
1721,SDC-1450,item:773474,0.0,80000000.0,16745500.0
1722,M-1430,item:268967,0.0,7653800.0,120587.367561
1722,M-1810,item:268091,14400.0,16905600.0,43755.285669
1722,SDC-1450,item:773474,0.0,80000000.0,16745500.0
1723,M-1430,item:268967,0.0,7653800.0,120587.367561
1723,M-1810,item:268091,14400.0,16920000.0,24312.204037
1723,SDC-1450,item:773474,0.0,80000000.0,16745500.0
1724,M-1430,item:268967,0.0,7653800.0,120587.367561
1724,M-1810,item:268091,14400.0,16934400.0,14400.0
1724,SDC-1450,item:773474,0.0,80000000.0,16745500.0
1725,M-1430,item:268967,0.0,7653800.0,120587.367561
1725,M-1810,item:268091,14400.0,16948800.0,14400.0
1725,SDC-1450,item:773474,0.0,80000000.0,16745500.0
1726,M-1430,item:268967,0.0,7653800.0,120587.367561
1726,M-1810,item:268091,14400.0,16963200.0,14400.0
1726,SDC-1450,item:773474,0.0,80000000.0,16745500.0
1727,M-1430,item:268967,0.0,7653800.0,120587.367561
1727,M-1810,item:268091,14400.0,16977600.0,28800.0
1727,SDC-1450,item:773474,0.0,80000000.0,16745500.0
1728,M-1430,item:268967,0.0,7653800.0,120587.367561
1728,M-1810,item:268091,14400.0,16992000.0,31062.428551
1728,SDC-1450,item:773474,0.0,80000000.0,16745500.0
1729,M-1430,item:268967,0.0,7653800.0,120587.367561
1729,M-1810,item:268091,14400.0,17006400.0,31711.367305
1729,SDC-1450,item:773474,0.0,80000000.0,16745500.0
1730,M-1430,item:268967,0.0,7653800.0,120587.367561
1730,M-1810,item:268091,14400.0,17020800.0,43656.897915
1730,SDC-1450,item:773474,0.0,80000000.0,16745500.0
1731,M-1430,item:268967,0.0,7653800.0,120587.367561
1731,M-1810,item:268091,0.0,17020800.0,43656.897915
1731,SDC-1450,item:773474,0.0,80000000.0,16745500.0
1732,M-1430,item:268967,0.0,7653800.0,120587.367561
1732,M-1810,item:268091,0.0,17020800.0,43656.897915
1732,SDC-1450,item:773474,0.0,80000000.0,16745500.0
1733,M-1430,item:268967,0.0,7653800.0,120587.367561
1733,M-1810,item:268091,0.0,17020800.0,43656.897915
1733,SDC-1450,item:773474,0.0,80000000.0,16745500.0
1734,M-1430,item:268967,0.0,7653800.0,120587.367561
1734,M-1810,item:268091,0.0,17020800.0,43656.897915
1734,SDC-1450,item:773474,0.0,80000000.0,16745500.0
1735,M-1430,item:268967,0.0,7653800.0,120587.367561
1735,M-1810,item:268091,0.0,17020800.0,43656.897915
1735,SDC-1450,item:773474,0.0,80000000.0,16745500.0
1736,M-1430,item:268967,0.0,7653800.0,120587.367561
1736,M-1810,item:268091,0.0,17020800.0,43656.897915
1736,SDC-1450,item:773474,0.0,80000000.0,16745500.0
1737,M-1430,item:268967,0.0,7653800.0,120587.367561
1737,M-1810,item:268091,0.0,17020800.0,42820.734665
1737,SDC-1450,item:773474,0.0,80000000.0,16745500.0
1738,M-1430,item:268967,0.0,7653800.0,120587.367561
1738,M-1810,item:268091,14400.0,17035200.0,45090.73468
1738,SDC-1450,item:773474,0.0,80000000.0,16745500.0
1739,M-1430,item:268967,0.0,7653800.0,120587.367561
1739,M-1810,item:268091,14400.0,17049600.0,36697.163252
1739,SDC-1450,item:773474,0.0,80000000.0,16745500.0
1740,M-1430,item:268967,0.0,7653800.0,120587.367561
1740,M-1810,item:268091,14400.0,17064000.0,51097.163252
1740,SDC-1450,item:773474,0.0,80000000.0,16745500.0
1741,M-1430,item:268967,0.0,7653800.0,120587.367561
1741,M-1810,item:268091,0.0,17064000.0,39609.999972
1741,SDC-1450,item:773474,0.0,80000000.0,16745500.0
1742,M-1430,item:268967,0.0,7653800.0,120587.367561
1742,M-1810,item:268091,14400.0,17078400.0,30405.408121
1742,SDC-1450,item:773474,0.0,80000000.0,16745500.0
1743,M-1430,item:268967,0.0,7653800.0,120587.367561
1743,M-1810,item:268091,14400.0,17092800.0,21182.30608
1743,SDC-1450,item:773474,0.0,80000000.0,16745500.0
1744,M-1430,item:268967,0.0,7653800.0,120587.367561
1744,M-1810,item:268091,14400.0,17107200.0,23906.734664
1744,SDC-1450,item:773474,0.0,80000000.0,16745500.0
1745,M-1430,item:268967,0.0,7653800.0,120587.367561
1745,M-1810,item:268091,14400.0,17121600.0,38306.734664
1745,SDC-1450,item:773474,0.0,80000000.0,16745500.0
1746,M-1430,item:268967,0.0,7653800.0,118193.653179
1746,M-1810,item:268091,14400.0,17136000.0,52561.55099
1746,SDC-1450,item:773474,0.0,80000000.0,16745500.0
1747,M-1430,item:268967,0.0,7653800.0,110240.408184
1747,M-1810,item:268091,14400.0,17150400.0,54850.326499
1747,SDC-1450,item:773474,0.0,80000000.0,16745500.0
1748,M-1430,item:268967,0.0,7653800.0,99039.18369
1748,M-1810,item:268091,14400.0,17164800.0,44876.489762
1748,SDC-1450,item:773474,0.0,80000000.0,16745500.0
1749,M-1430,item:268967,0.0,7653800.0,90067.347047
1749,M-1810,item:268091,14400.0,17179200.0,58973.714252
1749,SDC-1450,item:773474,0.0,80000000.0,16745500.0
1750,M-1430,item:268967,0.0,7653800.0,84404.183878
1750,M-1810,item:268091,0.0,17179200.0,45912.693845
1750,SDC-1450,item:773474,0.0,80000000.0,16745500.0
1751,M-1430,item:268967,0.0,7653800.0,76290.367553
1751,M-1810,item:268091,14400.0,17193600.0,34631.959153
1751,SDC-1450,item:773474,0.0,80000000.0,16745500.0
1752,M-1430,item:268967,0.0,7653800.0,68813.30624
1752,M-1810,item:268091,14400.0,17208000.0,23325.510176
1752,SDC-1450,item:773474,0.0,80000000.0,16745500.0
1753,M-1430,item:268967,0.0,7653800.0,60893.714316
1753,M-1810,item:268091,14400.0,17222400.0,24448.8163
1753,SDC-1450,item:773474,0.0,80000000.0,16745500.0
1754,M-1430,item:268967,0.0,7653800.0,51673.571461
1754,M-1810,item:268091,14400.0,17236800.0,14400.0
1754,SDC-1450,item:773474,0.0,80000000.0,16745500.0
1755,M-1430,item:268967,0.0,7653800.0,41374.142981
1755,M-1810,item:268091,14400.0,17251200.0,27511.755103
1755,SDC-1450,item:773474,0.0,80000000.0,16745500.0
1756,M-1430,item:268967,0.0,7653800.0,31074.714502
1756,M-1810,item:268091,14400.0,17265600.0,41911.755103
1756,SDC-1450,item:773474,0.0,80000000.0,16745500.0
1757,M-1430,item:268967,0.0,7653800.0,29874.428788
1757,M-1810,item:268091,14400.0,17280000.0,56311.755103
1757,SDC-1450,item:773474,0.0,80000000.0,16745500.0
1758,M-1430,item:268967,0.0,7653800.0,29874.428788
1758,M-1810,item:268091,0.0,17280000.0,56311.755103
1758,SDC-1450,item:773474,0.0,80000000.0,16745500.0
1759,M-1430,item:268967,0.0,7653800.0,29874.428788
1759,M-1810,item:268091,0.0,17280000.0,56311.755103
1759,SDC-1450,item:773474,0.0,80000000.0,16745500.0
1760,M-1430,item:268967,0.0,7653800.0,29874.428788
1760,M-1810,item:268091,0.0,17280000.0,56311.755103
1760,SDC-1450,item:773474,0.0,80000000.0,16745500.0
1761,M-1430,item:268967,0.0,7653800.0,29874.428788
1761,M-1810,item:268091,0.0,17280000.0,56311.755103
1761,SDC-1450,item:773474,0.0,80000000.0,16745500.0
1762,M-1430,item:268967,0.0,7653800.0,29874.428788
1762,M-1810,item:268091,0.0,17280000.0,56311.755103
1762,SDC-1450,item:773474,0.0,80000000.0,16745500.0
1763,M-1430,item:268967,0.0,7653800.0,29874.428788
1763,M-1810,item:268091,0.0,17280000.0,56311.755103
1763,SDC-1450,item:773474,0.0,80000000.0,16745500.0
1764,M-1430,item:268967,0.0,7653800.0,27736.285842
1764,M-1810,item:268091,0.0,17280000.0,47015.530586
1764,SDC-1450,item:773474,0.0,80000000.0,16745500.0
1765,M-1430,item:268967,107800.0,7761600.0,120717.857182
1765,M-1810,item:268091,14400.0,17294400.0,38403.938723
1765,SDC-1450,item:773474,0.0,80000000.0,16745500.0
1766,M-1430,item:268967,0.0,7761600.0,94803.857183
1766,M-1810,item:268091,14400.0,17308800.0,24976.306071
1766,SDC-1450,item:773474,0.0,80000000.0,16745500.0
1767,M-1430,item:268967,0.0,7761600.0,69921.142987
1767,M-1810,item:268091,14400.0,17323200.0,39376.306071
1767,SDC-1450,item:773474,0.0,80000000.0,16745500.0
1768,M-1430,item:268967,0.0,7761600.0,56611.857362
1768,M-1810,item:268091,14400.0,17337600.0,47372.673446
1768,SDC-1450,item:773474,0.0,80000000.0,16745500.0
1769,M-1430,item:268967,0.0,7761600.0,56611.857362
1769,M-1810,item:268091,14400.0,17352000.0,40066.081638
1769,SDC-1450,item:773474,0.0,80000000.0,16745500.0
1770,M-1430,item:268967,0.0,7761600.0,51153.142988
1770,M-1810,item:268091,14400.0,17366400.0,23463.265313
1770,SDC-1450,item:773474,0.0,80000000.0,16745500.0
1771,M-1430,item:268967,0.0,7761600.0,45694.428613
1771,M-1810,item:268091,14400.0,17380800.0,27008.653041
1771,SDC-1450,item:773474,0.0,80000000.0,16745500.0
1772,M-1430,item:268967,0.0,7761600.0,45694.428613
1772,M-1810,item:268091,14400.0,17395200.0,29567.979544
1772,SDC-1450,item:773474,0.0,80000000.0,16745500.0
1773,M-1430,item:268967,0.0,7761600.0,45694.428613
1773,M-1810,item:268091,14400.0,17409600.0,42568.183625
1773,SDC-1450,item:773474,0.0,80000000.0,16745500.0
1774,M-1430,item:268967,0.0,7761600.0,45694.428613
1774,M-1810,item:268091,0.0,17409600.0,42568.183625
1774,SDC-1450,item:773474,0.0,80000000.0,16745500.0
1775,M-1430,item:268967,0.0,7761600.0,45694.428613
1775,M-1810,item:268091,0.0,17409600.0,42568.183625
1775,SDC-1450,item:773474,0.0,80000000.0,16745500.0
1776,M-1430,item:268967,0.0,7761600.0,45694.428613
1776,M-1810,item:268091,0.0,17409600.0,42568.183625
1776,SDC-1450,item:773474,0.0,80000000.0,16745500.0
1777,M-1430,item:268967,0.0,7761600.0,45694.428613
1777,M-1810,item:268091,0.0,17409600.0,42568.183625
1777,SDC-1450,item:773474,0.0,80000000.0,16745500.0
1778,M-1430,item:268967,0.0,7761600.0,45694.428613
1778,M-1810,item:268091,0.0,17409600.0,42568.183625
1778,SDC-1450,item:773474,0.0,80000000.0,16745500.0
1779,M-1430,item:268967,0.0,7761600.0,45694.428613
1779,M-1810,item:268091,14400.0,17424000.0,52121.48977
1779,SDC-1450,item:773474,0.0,80000000.0,16745500.0
1780,M-1430,item:268967,0.0,7761600.0,45694.428613
1780,M-1810,item:268091,14400.0,17438400.0,33884.999997
1780,SDC-1450,item:773474,0.0,80000000.0,16745500.0
1781,M-1430,item:268967,0.0,7761600.0,39437.918495
1781,M-1810,item:268091,14400.0,17452800.0,14400.0
1781,SDC-1450,item:773474,0.0,80000000.0,16745500.0
1782,M-1430,item:268967,0.0,7761600.0,25908.081846
1782,M-1810,item:268091,28800.0,17481600.0,28800.0
1782,SDC-1450,item:773474,0.0,80000000.0,16745500.0
1783,M-1430,item:268967,107800.0,7869400.0,112724.224789
1783,M-1810,item:268091,28800.0,17510400.0,28800.0
1783,SDC-1450,item:773474,0.0,80000000.0,16745500.0
1784,M-1430,item:268967,0.0,7869400.0,103892.000212
1784,M-1810,item:268091,28800.0,17539200.0,28800.0
1784,SDC-1450,item:773474,0.0,80000000.0,16745500.0
1785,M-1430,item:268967,0.0,7869400.0,103892.000212
1785,M-1810,item:268091,28800.0,17568000.0,28800.0
1785,SDC-1450,item:773474,0.0,80000000.0,16745500.0
1786,M-1430,item:268967,0.0,7869400.0,98041.877593
1786,M-1810,item:268091,14400.0,17582400.0,23631.938748
1786,SDC-1450,item:773474,0.0,80000000.0,16745500.0
1787,M-1430,item:268967,0.0,7869400.0,91646.081592
1787,M-1810,item:268091,28800.0,17611200.0,28800.0
1787,SDC-1450,item:773474,0.0,80000000.0,16745500.0
1788,M-1430,item:268967,0.0,7869400.0,81471.163313
1788,M-1810,item:268091,28800.0,17640000.0,28800.0
1788,SDC-1450,item:773474,0.0,80000000.0,16745500.0
1789,M-1430,item:268967,0.0,7869400.0,67811.4492
1789,M-1810,item:268091,28800.0,17668800.0,28800.0
1789,SDC-1450,item:773474,0.0,80000000.0,16745500.0
1790,M-1430,item:268967,0.0,7869400.0,54194.714592
1790,M-1810,item:268091,14400.0,17683200.0,43200.0
1790,SDC-1450,item:773474,0.0,80000000.0,16745500.0
1791,M-1430,item:268967,0.0,7869400.0,43854.408383
1791,M-1810,item:268091,14400.0,17697600.0,47944.999974
1791,SDC-1450,item:773474,0.0,80000000.0,16745500.0
1792,M-1430,item:268967,0.0,7869400.0,43854.408383
1792,M-1810,item:268091,14400.0,17712000.0,50127.122397
1792,SDC-1450,item:773474,0.0,80000000.0,16745500.0
1793,M-1430,item:268967,0.0,7869400.0,43854.408383
1793,M-1810,item:268091,14400.0,17726400.0,60310.775459
1793,SDC-1450,item:773474,0.0,80000000.0,16745500.0
1794,M-1430,item:268967,0.0,7869400.0,43854.408383
1794,M-1810,item:268091,0.0,17726400.0,60310.775459
1794,SDC-1450,item:773474,0.0,80000000.0,16745500.0
1795,M-1430,item:268967,0.0,7869400.0,43854.408383
1795,M-1810,item:268091,0.0,17726400.0,60310.775459
1795,SDC-1450,item:773474,0.0,80000000.0,16745500.0
1796,M-1430,item:268967,0.0,7869400.0,43854.408383
1796,M-1810,item:268091,0.0,17726400.0,60310.775459
1796,SDC-1450,item:773474,0.0,80000000.0,16745500.0
1797,M-1430,item:268967,0.0,7869400.0,43854.408383
1797,M-1810,item:268091,0.0,17726400.0,60310.775459
1797,SDC-1450,item:773474,0.0,80000000.0,16745500.0
1798,M-1430,item:268967,0.0,7869400.0,43854.408383
1798,M-1810,item:268091,0.0,17726400.0,60310.775459
1798,SDC-1450,item:773474,0.0,80000000.0,16745500.0
1799,M-1430,item:268967,0.0,7869400.0,43854.408383
1799,M-1810,item:268091,0.0,17726400.0,60310.775459
1799,SDC-1450,item:773474,0.0,80000000.0,16745500.0
1800,M-1430,item:268967,0.0,7869400.0,43847.898086
1800,M-1810,item:268091,0.0,17726400.0,54109.469363
1800,SDC-1450,item:773474,0.0,80000000.0,16745500.0
1801,M-1430,item:268967,0.0,7869400.0,38405.653189
1801,M-1810,item:268091,14400.0,17740800.0,50212.489796
1801,SDC-1450,item:773474,0.0,80000000.0,16745500.0
1802,M-1430,item:268967,0.0,7869400.0,27457.367477
1802,M-1810,item:268091,14400.0,17755200.0,40288.346937
1802,SDC-1450,item:773474,0.0,80000000.0,16745500.0
1803,M-1430,item:268967,0.0,7869400.0,27329.77564
1803,M-1810,item:268091,14400.0,17769600.0,36299.918338
1803,SDC-1450,item:773474,0.0,80000000.0,16745500.0
1804,M-1430,item:268967,0.0,7869400.0,21696.142989
1804,M-1810,item:268091,14400.0,17784000.0,44141.571372
1804,SDC-1450,item:773474,0.0,80000000.0,16745500.0
1805,M-1430,item:268967,107800.0,7977200.0,118165.081767
1805,M-1810,item:268091,14400.0,17798400.0,58541.571372
1805,SDC-1450,item:773474,0.0,80000000.0,16745500.0
1806,M-1430,item:268967,0.0,7977200.0,96687.285852
1806,M-1810,item:268091,14400.0,17812800.0,48169.102011
1806,SDC-1450,item:773474,0.0,80000000.0,16745500.0
1807,M-1430,item:268967,0.0,7977200.0,64706.591978
1807,M-1810,item:268091,14400.0,17827200.0,14400.0
1807,SDC-1450,item:773474,0.0,80000000.0,16745500.0
1808,M-1430,item:268967,0.0,7977200.0,54675.694018
1808,M-1810,item:268091,28800.0,17856000.0,28800.0
1808,SDC-1450,item:773474,0.0,80000000.0,16745500.0
1809,M-1430,item:268967,0.0,7977200.0,33429.571568
1809,M-1810,item:268091,28800.0,17884800.0,28800.0
1809,SDC-1450,item:773474,0.0,80000000.0,16745500.0
1810,M-1430,item:268967,0.0,7977200.0,33429.571568
1810,M-1810,item:268091,28800.0,17913600.0,28800.0
1810,SDC-1450,item:773474,0.0,80000000.0,16745500.0
1811,M-1430,item:268967,0.0,7977200.0,33429.571568
1811,M-1810,item:268091,28800.0,17942400.0,28800.0
1811,SDC-1450,item:773474,0.0,80000000.0,16745500.0
1812,M-1430,item:268967,0.0,7977200.0,33429.571568
1812,M-1810,item:268091,28800.0,17971200.0,28800.0
1812,SDC-1450,item:773474,0.0,80000000.0,16745500.0
1813,M-1430,item:268967,0.0,7977200.0,33429.571568
1813,M-1810,item:268091,28800.0,18000000.0,28800.0
1813,SDC-1450,item:773474,0.0,80000000.0,16745500.0
1814,M-1430,item:268967,0.0,7977200.0,33429.571568
1814,M-1810,item:268091,28800.0,18028800.0,28800.0
1814,SDC-1450,item:773474,0.0,80000000.0,16745500.0
1815,M-1430,item:268967,0.0,7977200.0,33429.571568
1815,M-1810,item:268091,28800.0,18057600.0,28800.0
1815,SDC-1450,item:773474,0.0,80000000.0,16745500.0
1816,M-1430,item:268967,0.0,7977200.0,33429.571568
1816,M-1810,item:268091,28800.0,18086400.0,31595.020384
1816,SDC-1450,item:773474,0.0,80000000.0,16745500.0
1817,M-1430,item:268967,0.0,7977200.0,33429.571568
1817,M-1810,item:268091,14400.0,18100800.0,37282.122401
1817,SDC-1450,item:773474,0.0,80000000.0,16745500.0
1818,M-1430,item:268967,0.0,7977200.0,33429.571568
1818,M-1810,item:268091,14400.0,18115200.0,51682.122401
1818,SDC-1450,item:773474,0.0,80000000.0,16745500.0
1819,M-1430,item:268967,0.0,7977200.0,33429.571568
1819,M-1810,item:268091,14400.0,18129600.0,66082.122401
1819,SDC-1450,item:773474,0.0,80000000.0,16745500.0
1820,M-1430,item:268967,0.0,7977200.0,33429.571568
1820,M-1810,item:268091,0.0,18129600.0,66082.122401
1820,SDC-1450,item:773474,0.0,80000000.0,16745500.0
1821,M-1430,item:268967,0.0,7977200.0,33429.571568
1821,M-1810,item:268091,0.0,18129600.0,66082.122401
1821,SDC-1450,item:773474,0.0,80000000.0,16745500.0
1822,M-1430,item:268967,0.0,7977200.0,33429.571568
1822,M-1810,item:268091,0.0,18129600.0,66082.122401
1822,SDC-1450,item:773474,0.0,80000000.0,16745500.0
1823,M-1430,item:268967,0.0,7977200.0,33429.571568
1823,M-1810,item:268091,0.0,18129600.0,66082.122401
1823,SDC-1450,item:773474,0.0,80000000.0,16745500.0
1824,M-1430,item:268967,0.0,7977200.0,33429.571568
1824,M-1810,item:268091,0.0,18129600.0,66082.122401
1824,SDC-1450,item:773474,0.0,80000000.0,16745500.0
