day,node_id,item_id,demand_qty,required_with_backlog_qty,served_qty,backlog_end_qty,available_before_service_qty
0,C-XXXXX,item:268967,20.0,20.0,0.0,20.0,0.0
0,C-XXXXX,item:268091,20.0,20.0,0.0,20.0,0.0
1,C-XXXXX,item:268967,23.75,43.75,0.0,43.75,0.0
1,C-XXXXX,item:268091,23.75,43.75,0.0,43.75,0.0
2,C-XXXXX,item:268967,26.25,70.0,0.0,70.0,0.0
2,C-XXXXX,item:268091,26.25,70.0,0.0,70.0,0.0
3,C-XXXXX,item:268967,30.0,100.0,0.0,100.0,0.0
3,C-XXXXX,item:268091,30.0,100.0,0.0,100.0,0.0
4,C-XXXXX,item:268967,27.5,127.5,0.0,127.5,0.0
4,C-XXXXX,item:268091,27.5,127.5,18.432,109.068,18.432
5,C-XXXXX,item:268967,25.0,152.5,18.432,134.068,18.432
5,C-XXXXX,item:268091,25.0,134.068,21.1968,112.8712,21.1968
6,C-XXXXX,item:268967,22.5,156.568,21.1968,135.3712,21.1968
6,C-XXXXX,item:268091,22.5,135.3712,23.04,112.3312,23.04
7,C-XXXXX,item:268967,20.0,155.3712,23.04,132.3312,23.04
7,C-XXXXX,item:268091,20.0,132.3312,0.0,132.3312,0.0
8,C-XXXXX,item:268967,23.75,156.0812,23.04,133.0412,23.04
8,C-XXXXX,item:268091,23.75,156.0812,46.08,110.0012,46.08
9,C-XXXXX,item:268967,26.25,159.2912,23.04,136.2512,23.04
9,C-XXXXX,item:268091,26.25,136.2512,0.0,136.2512,0.0
10,C-XXXXX,item:268967,30.0,166.2512,44.340904,121.910296,44.340904
10,C-XXXXX,item:268091,30.0,166.2512,23.04,143.2112,23.04
11,C-XXXXX,item:268967,27.5,149.410296,0.0,149.410296,0.0
11,C-XXXXX,item:268091,27.5,170.7112,0.0,170.7112,0.0
12,C-XXXXX,item:268967,25.0,174.410296,21.311556,153.09874,21.311556
12,C-XXXXX,item:268091,25.0,195.7112,21.300904,174.410296,21.300904
13,C-XXXXX,item:268967,22.5,175.59874,0.0,175.59874,0.0
13,C-XXXXX,item:268091,22.5,196.910296,42.045781,154.864515,42.045781
14,C-XXXXX,item:268967,20.0,195.59874,42.045781,153.552959,42.045781
14,C-XXXXX,item:268091,20.0,174.864515,0.0,174.864515,0.0
15,C-XXXXX,item:268967,23.75,177.302959,0.0,177.302959,0.0
15,C-XXXXX,item:268091,23.75,198.614515,23.04,175.574515,23.04
16,C-XXXXX,item:268967,26.25,203.552959,69.12,134.432959,69.12
16,C-XXXXX,item:268091,26.25,201.824515,65.652497,136.172018,65.652497
17,C-XXXXX,item:268967,30.0,164.432959,0.0,164.432959,0.0
17,C-XXXXX,item:268091,30.0,166.172018,42.045788,124.12623,42.045788
18,C-XXXXX,item:268967,27.5,191.932959,0.0,191.932959,0.0
18,C-XXXXX,item:268091,27.5,151.62623,0.0,151.62623,0.0
19,C-XXXXX,item:268967,25.0,216.932959,19.005788,197.927171,19.005788
19,C-XXXXX,item:268091,25.0,176.62623,21.311558,155.314673,21.311558
20,C-XXXXX,item:268967,22.5,220.427171,21.300941,199.12623,21.300941
20,C-XXXXX,item:268091,22.5,177.814673,23.04,154.774673,23.04
21,C-XXXXX,item:268967,20.0,219.12623,67.391558,151.734673,67.391558
21,C-XXXXX,item:268091,20.0,174.774673,0.0,174.774673,0.0
22,C-XXXXX,item:268967,23.75,175.484673,0.0,175.484673,0.0
22,C-XXXXX,item:268091,23.75,198.524673,46.08,152.444673,46.08
23,C-XXXXX,item:268967,26.25,201.734673,23.04,178.694673,23.04
23,C-XXXXX,item:268091,26.25,178.694673,23.04,155.654673,23.04
24,C-XXXXX,item:268967,30.0,208.694673,40.306729,168.387944,40.306729
24,C-XXXXX,item:268091,30.0,185.654673,19.005788,166.648885,19.005788
25,C-XXXXX,item:268967,27.5,195.887944,23.04,172.847944,23.04
25,C-XXXXX,item:268091,27.5,194.148885,0.0,194.148885,0.0
26,C-XXXXX,item:268967,25.0,197.847944,0.0,197.847944,0.0
26,C-XXXXX,item:268091,25.0,219.148885,0.0,219.148885,0.0
27,C-XXXXX,item:268967,22.5,220.347944,44.351558,175.996386,44.351558
27,C-XXXXX,item:268091,22.5,241.648885,0.0,241.648885,0.0
28,C-XXXXX,item:268967,20.0,195.996386,0.0,195.996386,0.0
28,C-XXXXX,item:268091,20.0,261.648885,65.652498,195.996386,65.652498
29,C-XXXXX,item:268967,23.75,219.746386,23.04,196.706386,23.04
29,C-XXXXX,item:268091,23.75,219.746386,46.08,173.666386,46.08
30,C-XXXXX,item:268967,23.75,220.456386,0.0,220.456386,0.0
30,C-XXXXX,item:268091,23.75,197.416386,40.306729,157.109657,40.306729
31,C-XXXXX,item:268967,23.75,244.206386,0.0,244.206386,0.0
31,C-XXXXX,item:268091,23.75,180.859657,0.0,180.859657,0.0
32,C-XXXXX,item:268967,23.75,267.956386,44.340941,223.615446,44.340941
32,C-XXXXX,item:268091,23.75,204.609657,23.04,181.569657,23.04
33,C-XXXXX,item:268967,23.75,247.365446,19.005788,228.359657,19.005788
33,C-XXXXX,item:268091,23.75,205.319657,43.084269,162.235388,43.084269
34,C-XXXXX,item:268967,23.75,252.109657,44.351558,207.7581,44.351558
34,C-XXXXX,item:268091,23.75,185.985388,0.0,185.985388,0.0
35,C-XXXXX,item:268967,23.75,231.5081,0.0,231.5081,0.0
35,C-XXXXX,item:268091,23.75,209.735388,21.864942,187.870446,21.864942
36,C-XXXXX,item:268967,23.75,255.2581,21.772712,233.485388,21.772712
36,C-XXXXX,item:268091,23.75,211.620446,0.0,211.620446,0.0
37,C-XXXXX,item:268967,23.75,257.235388,65.635408,191.59998,65.635408
37,C-XXXXX,item:268091,23.75,235.370446,21.883388,213.487058,21.883388
38,C-XXXXX,item:268967,23.75,215.34998,0.0,215.34998,0.0
38,C-XXXXX,item:268091,23.75,237.237058,21.887078,215.34998,21.887078
39,C-XXXXX,item:268967,23.75,239.09998,21.887963,217.212017,21.887963
39,C-XXXXX,item:268091,23.75,239.09998,21.887816,217.212164,21.887816
40,C-XXXXX,item:268967,23.75,240.962017,0.0,240.962017,0.0
40,C-XXXXX,item:268091,23.75,240.962164,21.887963,219.074201,21.887963
41,C-XXXXX,item:268967,23.75,264.712017,0.0,264.712017,0.0
41,C-XXXXX,item:268091,23.75,242.824201,21.887993,220.936209,21.887993
42,C-XXXXX,item:268967,23.75,288.462017,87.551806,200.91021,87.551806
42,C-XXXXX,item:268091,23.75,244.686209,0.0,244.686209,0.0
43,C-XXXXX,item:268967,23.75,224.66021,0.0,224.66021,0.0
43,C-XXXXX,item:268091,23.75,268.436209,21.887999,246.54821,21.887999
44,C-XXXXX,item:268967,23.75,248.41021,0.0,248.41021,0.0
44,C-XXXXX,item:268091,23.75,270.29821,21.888,248.41021,21.888
45,C-XXXXX,item:268967,23.75,272.16021,43.776,228.38421,43.776
45,C-XXXXX,item:268091,23.75,272.16021,0.0,272.16021,0.0
46,C-XXXXX,item:268967,23.75,252.13421,43.776,208.35821,43.776
46,C-XXXXX,item:268091,23.75,295.91021,65.664,230.24621,65.664
47,C-XXXXX,item:268967,23.75,232.10821,21.888,210.22021,21.888
47,C-XXXXX,item:268091,23.75,253.99621,0.0,253.99621,0.0
48,C-XXXXX,item:268967,23.75,233.97021,21.888,212.08221,21.888
48,C-XXXXX,item:268091,23.75,277.74621,0.0,277.74621,0.0
49,C-XXXXX,item:268967,23.75,235.83221,21.888,213.94421,21.888
49,C-XXXXX,item:268091,23.75,301.49621,43.776,257.72021,43.776
50,C-XXXXX,item:268967,23.75,237.69421,21.888,215.80621,21.888
50,C-XXXXX,item:268091,23.75,281.47021,65.664,215.80621,65.664
51,C-XXXXX,item:268967,23.75,239.55621,0.0,239.55621,0.0
51,C-XXXXX,item:268091,23.75,239.55621,0.0,239.55621,0.0
52,C-XXXXX,item:268967,23.75,263.30621,21.888,241.41821,21.888
52,C-XXXXX,item:268091,23.75,263.30621,0.0,263.30621,0.0
53,C-XXXXX,item:268967,23.75,265.16821,43.776,221.39221,43.776
53,C-XXXXX,item:268091,23.75,287.05621,0.0,287.05621,0.0
54,C-XXXXX,item:268967,23.75,245.14221,0.0,245.14221,0.0
54,C-XXXXX,item:268091,23.75,310.80621,21.888,288.91821,21.888
55,C-XXXXX,item:268967,23.75,268.89221,0.0,268.89221,0.0
55,C-XXXXX,item:268091,23.75,312.66821,0.0,312.66821,0.0
56,C-XXXXX,item:268967,23.75,292.64221,65.664,226.97821,65.664
56,C-XXXXX,item:268091,23.75,336.41821,43.776,292.64221,43.776
57,C-XXXXX,item:268967,23.75,250.72821,0.0,250.72821,0.0
57,C-XXXXX,item:268091,23.75,316.39221,43.776,272.61621,43.776
58,C-XXXXX,item:268967,23.75,274.47821,65.664,208.81421,65.664
58,C-XXXXX,item:268091,23.75,296.36621,21.888,274.47821,21.888
59,C-XXXXX,item:268967,23.75,232.56421,0.0,232.56421,0.0
59,C-XXXXX,item:268091,23.75,298.22821,65.664,232.56421,65.664
60,C-XXXXX,item:268967,23.75,256.31421,0.0,256.31421,0.0
60,C-XXXXX,item:268091,23.75,256.31421,0.0,256.31421,0.0
61,C-XXXXX,item:268967,23.75,280.06421,21.888,258.17621,21.888
61,C-XXXXX,item:268091,23.75,280.06421,21.888,258.17621,21.888
62,C-XXXXX,item:268967,23.75,281.92621,87.552,194.37421,87.552
62,C-XXXXX,item:268091,23.75,281.92621,0.0,281.92621,0.0
63,C-XXXXX,item:268967,23.75,218.12421,0.0,218.12421,0.0
63,C-XXXXX,item:268091,23.75,305.67621,0.0,305.67621,0.0
64,C-XXXXX,item:268967,23.75,241.87421,0.0,241.87421,0.0
64,C-XXXXX,item:268091,23.75,329.42621,21.888,307.53821,21.888
65,C-XXXXX,item:268967,23.75,265.62421,21.888,243.73621,21.888
65,C-XXXXX,item:268091,23.75,331.28821,43.776,287.51221,43.776
66,C-XXXXX,item:268967,23.75,267.48621,21.888,245.59821,21.888
66,C-XXXXX,item:268091,23.75,311.26221,87.552,223.71021,87.552
67,C-XXXXX,item:268967,23.75,269.34821,43.776,225.57221,43.776
67,C-XXXXX,item:268091,23.75,247.46021,0.0,247.46021,0.0
68,C-XXXXX,item:268967,23.75,249.32221,0.0,249.32221,0.0
68,C-XXXXX,item:268091,23.75,271.21021,0.0,271.21021,0.0
69,C-XXXXX,item:268967,23.75,273.07221,21.888,251.18421,21.888
69,C-XXXXX,item:268091,23.75,294.96021,0.0,294.96021,0.0
70,C-XXXXX,item:268967,23.75,274.93421,21.888,253.04621,21.888
70,C-XXXXX,item:268091,23.75,318.71021,0.0,318.71021,0.0
71,C-XXXXX,item:268967,23.75,276.79621,0.0,276.79621,0.0
71,C-XXXXX,item:268091,23.75,342.46021,65.664,276.79621,65.664
72,C-XXXXX,item:268967,23.75,300.54621,21.888,278.65821,21.888
72,C-XXXXX,item:268091,23.75,300.54621,0.0,300.54621,0.0
73,C-XXXXX,item:268967,23.75,302.40821,0.0,302.40821,0.0
73,C-XXXXX,item:268091,23.75,324.29621,0.0,324.29621,0.0
74,C-XXXXX,item:268967,23.75,326.15821,43.776,282.38221,43.776
74,C-XXXXX,item:268091,23.75,348.04621,87.552,260.49421,87.552
75,C-XXXXX,item:268967,23.75,306.13221,43.776,262.35621,43.776
75,C-XXXXX,item:268091,23.75,284.24421,43.776,240.46821,43.776
76,C-XXXXX,item:268967,23.75,286.10621,0.0,286.10621,0.0
76,C-XXXXX,item:268091,23.75,264.21821,0.0,264.21821,0.0
77,C-XXXXX,item:268967,23.75,309.85621,0.0,309.85621,0.0
77,C-XXXXX,item:268091,23.75,287.96821,0.0,287.96821,0.0
78,C-XXXXX,item:268967,23.75,333.60621,0.0,333.60621,0.0
78,C-XXXXX,item:268091,23.75,311.71821,0.0,311.71821,0.0
79,C-XXXXX,item:268967,23.75,357.35621,21.888,335.46821,21.888
79,C-XXXXX,item:268091,23.75,335.46821,43.776,291.69221,43.776
80,C-XXXXX,item:268967,23.75,359.21821,0.0,359.21821,0.0
80,C-XXXXX,item:268091,23.75,315.44221,21.888,293.55421,21.888
81,C-XXXXX,item:268967,23.75,382.96821,43.776,339.19221,43.776
81,C-XXXXX,item:268091,23.75,317.30421,0.0,317.30421,0.0
82,C-XXXXX,item:268967,23.75,362.94221,0.0,362.94221,0.0
82,C-XXXXX,item:268091,23.75,341.05421,21.888,319.16621,21.888
83,C-XXXXX,item:268967,23.75,386.69221,109.44,277.25221,109.44
83,C-XXXXX,item:268091,23.75,342.91621,43.776,299.14021,43.776
84,C-XXXXX,item:268967,23.75,301.00221,0.0,301.00221,0.0
84,C-XXXXX,item:268091,23.75,322.89021,0.0,322.89021,0.0
85,C-XXXXX,item:268967,23.75,324.75221,43.776,280.97621,43.776
85,C-XXXXX,item:268091,23.75,346.64021,43.776,302.86421,43.776
86,C-XXXXX,item:268967,23.75,304.72621,0.0,304.72621,0.0
86,C-XXXXX,item:268091,23.75,326.61421,0.0,326.61421,0.0
87,C-XXXXX,item:268967,23.75,328.47621,0.0,328.47621,0.0
87,C-XXXXX,item:268091,23.75,350.36421,0.0,350.36421,0.0
88,C-XXXXX,item:268967,23.75,352.22621,43.776,308.45021,43.776
88,C-XXXXX,item:268091,23.75,374.11421,65.664,308.45021,65.664
89,C-XXXXX,item:268967,23.75,332.20021,21.888,310.31221,21.888
89,C-XXXXX,item:268091,23.75,332.20021,0.0,332.20021,0.0
90,C-XXXXX,item:268967,23.75,334.06221,0.0,334.06221,0.0
90,C-XXXXX,item:268091,23.75,355.95021,0.0,355.95021,0.0
91,C-XXXXX,item:268967,23.75,357.81221,43.776,314.03621,43.776
91,C-XXXXX,item:268091,23.75,379.70021,43.776,335.92421,43.776
92,C-XXXXX,item:268967,23.75,337.78621,0.0,337.78621,0.0
92,C-XXXXX,item:268091,23.75,359.67421,43.776,315.89821,43.776
93,C-XXXXX,item:268967,23.75,361.53621,43.776,317.76021,43.776
93,C-XXXXX,item:268091,23.75,339.64821,0.0,339.64821,0.0
94,C-XXXXX,item:268967,23.75,341.51021,21.888,319.62221,21.888
94,C-XXXXX,item:268091,23.75,363.39821,43.776,319.62221,43.776
95,C-XXXXX,item:268967,23.75,343.37221,21.888,321.48421,21.888
95,C-XXXXX,item:268091,23.75,343.37221,43.776,299.59621,43.776
96,C-XXXXX,item:268967,23.75,345.23421,0.0,345.23421,0.0
96,C-XXXXX,item:268091,23.75,323.34621,0.0,323.34621,0.0
97,C-XXXXX,item:268967,23.75,368.98421,21.888,347.09621,21.888
97,C-XXXXX,item:268091,23.75,347.09621,0.0,347.09621,0.0
98,C-XXXXX,item:268967,23.75,370.84621,21.888,348.95821,21.888
98,C-XXXXX,item:268091,23.75,370.84621,21.888,348.95821,21.888
99,C-XXXXX,item:268967,23.75,372.70821,0.0,372.70821,0.0
99,C-XXXXX,item:268091,23.75,372.70821,0.0,372.70821,0.0
100,C-XXXXX,item:268967,23.75,396.45821,43.776,352.68221,43.776
100,C-XXXXX,item:268091,23.75,396.45821,0.0,396.45821,0.0
101,C-XXXXX,item:268967,23.75,376.43221,21.888,354.54421,21.888
101,C-XXXXX,item:268091,23.75,420.20821,0.0,420.20821,0.0
102,C-XXXXX,item:268967,23.75,378.29421,43.776,334.51821,43.776
102,C-XXXXX,item:268091,23.75,443.95821,87.552,356.40621,87.552
103,C-XXXXX,item:268967,23.75,358.26821,0.0,358.26821,0.0
103,C-XXXXX,item:268091,23.75,380.15621,0.0,380.15621,0.0
104,C-XXXXX,item:268967,23.75,382.01821,0.0,382.01821,0.0
104,C-XXXXX,item:268091,23.75,403.90621,87.552,316.35421,87.552
105,C-XXXXX,item:268967,23.75,405.76821,43.776,361.99221,43.776
105,C-XXXXX,item:268091,23.75,340.10421,0.0,340.10421,0.0
106,C-XXXXX,item:268967,23.75,385.74221,21.888,363.85421,21.888
106,C-XXXXX,item:268091,23.75,363.85421,0.0,363.85421,0.0
107,C-XXXXX,item:268967,23.75,387.60421,21.888,365.71621,21.888
107,C-XXXXX,item:268091,23.75,387.60421,0.0,387.60421,0.0
108,C-XXXXX,item:268967,23.75,389.46621,0.0,389.46621,0.0
108,C-XXXXX,item:268091,23.75,411.35421,43.776,367.57821,43.776
109,C-XXXXX,item:268967,23.75,413.21621,87.552,325.66421,87.552
109,C-XXXXX,item:268091,23.75,391.32821,65.664,325.66421,65.664
110,C-XXXXX,item:268967,23.75,349.41421,0.0,349.41421,0.0
110,C-XXXXX,item:268091,23.75,349.41421,0.0,349.41421,0.0
111,C-XXXXX,item:268967,23.75,373.16421,0.0,373.16421,0.0
111,C-XXXXX,item:268091,23.75,373.16421,0.0,373.16421,0.0
112,C-XXXXX,item:268967,23.75,396.91421,43.776,353.13821,43.776
112,C-XXXXX,item:268091,23.75,396.91421,0.0,396.91421,0.0
113,C-XXXXX,item:268967,23.75,376.88821,43.776,333.11221,43.776
113,C-XXXXX,item:268091,23.75,420.66421,21.888,398.77621,21.888
114,C-XXXXX,item:268967,23.75,356.86221,0.0,356.86221,0.0
114,C-XXXXX,item:268091,23.75,422.52621,21.888,400.63821,21.888
115,C-XXXXX,item:268967,23.75,380.61221,0.0,380.61221,0.0
115,C-XXXXX,item:268091,23.75,424.38821,21.888,402.50021,21.888
116,C-XXXXX,item:268967,23.75,404.36221,43.776,360.58621,43.776
116,C-XXXXX,item:268091,23.75,426.25021,43.776,382.47421,43.776
117,C-XXXXX,item:268967,23.75,384.33621,21.888,362.44821,21.888
117,C-XXXXX,item:268091,23.75,406.22421,0.0,406.22421,0.0
118,C-XXXXX,item:268967,23.75,386.19821,0.0,386.19821,0.0
118,C-XXXXX,item:268091,23.75,429.97421,65.664,364.31021,65.664
119,C-XXXXX,item:268967,23.75,409.94821,21.888,388.06021,21.888
119,C-XXXXX,item:268091,23.75,388.06021,21.888,366.17221,21.888
120,C-XXXXX,item:268967,23.75,411.81021,21.888,389.92221,21.888
120,C-XXXXX,item:268091,23.75,389.92221,0.0,389.92221,0.0
121,C-XXXXX,item:268967,23.75,413.67221,0.0,413.67221,0.0
121,C-XXXXX,item:268091,23.75,413.67221,43.776,369.89621,43.776
122,C-XXXXX,item:268967,23.75,437.42221,0.0,437.42221,0.0
122,C-XXXXX,item:268091,23.75,393.64621,21.888,371.75821,21.888
123,C-XXXXX,item:268967,23.75,461.17221,0.0,461.17221,0.0
123,C-XXXXX,item:268091,23.75,395.50821,21.888,373.62021,21.888
124,C-XXXXX,item:268967,23.75,484.92221,109.44,375.48221,109.44
124,C-XXXXX,item:268091,23.75,397.37021,65.664,331.70621,65.664
125,C-XXXXX,item:268967,23.75,399.23221,21.888,377.34421,21.888
125,C-XXXXX,item:268091,23.75,355.45621,0.0,355.45621,0.0
126,C-XXXXX,item:268967,23.75,401.09421,0.0,401.09421,0.0
126,C-XXXXX,item:268091,23.75,379.20621,0.0,379.20621,0.0
127,C-XXXXX,item:268967,23.75,424.84421,21.888,402.95621,21.888
127,C-XXXXX,item:268091,23.75,402.95621,21.888,381.06821,21.888
128,C-XXXXX,item:268967,23.75,426.70621,0.0,426.70621,0.0
128,C-XXXXX,item:268091,23.75,404.81821,21.888,382.93021,21.888
129,C-XXXXX,item:268967,23.75,450.45621,21.888,428.56821,21.888
129,C-XXXXX,item:268091,23.75,406.68021,0.0,406.68021,0.0
130,C-XXXXX,item:268967,23.75,452.31821,0.0,452.31821,0.0
130,C-XXXXX,item:268091,23.75,430.43021,43.776,386.65421,43.776
131,C-XXXXX,item:268967,23.75,476.06821,65.664,410.40421,65.664
131,C-XXXXX,item:268091,23.75,410.40421,0.0,410.40421,0.0
132,C-XXXXX,item:268967,23.75,434.15421,21.888,412.26621,21.888
132,C-XXXXX,item:268091,23.75,434.15421,65.664,368.49021,65.664
133,C-XXXXX,item:268967,23.75,436.01621,65.664,370.35221,65.664
133,C-XXXXX,item:268091,23.75,392.24021,21.888,370.35221,21.888
134,C-XXXXX,item:268967,23.75,394.10221,21.888,372.21421,21.888
134,C-XXXXX,item:268091,23.75,394.10221,21.888,372.21421,21.888
135,C-XXXXX,item:268967,23.75,395.96421,0.0,395.96421,0.0
135,C-XXXXX,item:268091,23.75,395.96421,0.0,395.96421,0.0
136,C-XXXXX,item:268967,23.75,419.71421,65.664,354.05021,65.664
136,C-XXXXX,item:268091,23.75,419.71421,0.0,419.71421,0.0
137,C-XXXXX,item:268967,23.75,377.80021,0.0,377.80021,0.0
137,C-XXXXX,item:268091,23.75,443.46421,0.0,443.46421,0.0
138,C-XXXXX,item:268967,23.75,401.55021,0.0,401.55021,0.0
138,C-XXXXX,item:268091,23.75,467.21421,65.664,401.55021,65.664
139,C-XXXXX,item:268967,23.75,425.30021,21.888,403.41221,21.888
139,C-XXXXX,item:268091,23.75,425.30021,0.0,425.30021,0.0
140,C-XXXXX,item:268967,23.75,427.16221,0.0,427.16221,0.0
140,C-XXXXX,item:268091,23.75,449.05021,43.776,405.27421,43.776
141,C-XXXXX,item:268967,23.75,450.91221,0.0,450.91221,0.0
141,C-XXXXX,item:268091,23.75,429.02421,0.0,429.02421,0.0
142,C-XXXXX,item:268967,23.75,474.66221,65.664,408.99821,65.664
142,C-XXXXX,item:268091,23.75,452.77421,0.0,452.77421,0.0
143,C-XXXXX,item:268967,23.75,432.74821,43.776,388.97221,43.776
143,C-XXXXX,item:268091,23.75,476.52421,0.0,476.52421,0.0
144,C-XXXXX,item:268967,23.75,412.72221,0.0,412.72221,0.0
144,C-XXXXX,item:268091,23.75,500.27421,65.664,434.61021,65.664
145,C-XXXXX,item:268967,23.75,436.47221,21.888,414.58421,21.888
145,C-XXXXX,item:268091,23.75,458.36021,43.776,414.58421,43.776
146,C-XXXXX,item:268967,23.75,438.33421,0.0,438.33421,0.0
146,C-XXXXX,item:268091,23.75,438.33421,0.0,438.33421,0.0
147,C-XXXXX,item:268967,23.75,462.08421,21.888,440.19621,21.888
147,C-XXXXX,item:268091,23.75,462.08421,65.664,396.42021,65.664
148,C-XXXXX,item:268967,23.75,463.94621,0.0,463.94621,0.0
148,C-XXXXX,item:268091,23.75,420.17021,21.888,398.28221,21.888
149,C-XXXXX,item:268967,23.75,487.69621,21.888,465.80821,21.888
149,C-XXXXX,item:268091,23.75,422.03221,0.0,422.03221,0.0
150,C-XXXXX,item:268967,23.75,489.55821,65.664,423.89421,65.664
150,C-XXXXX,item:268091,23.75,445.78221,0.0,445.78221,0.0
151,C-XXXXX,item:268967,23.75,447.64421,0.0,447.64421,0.0
151,C-XXXXX,item:268091,23.75,469.53221,43.776,425.75621,43.776
152,C-XXXXX,item:268967,23.75,471.39421,43.776,427.61821,43.776
152,C-XXXXX,item:268091,23.75,449.50621,0.0,449.50621,0.0
153,C-XXXXX,item:268967,23.75,451.36821,21.888,429.48021,21.888
153,C-XXXXX,item:268091,23.75,473.25621,0.0,473.25621,0.0
154,C-XXXXX,item:268967,23.75,453.23021,21.888,431.34221,21.888
154,C-XXXXX,item:268091,23.75,497.00621,43.776,453.23021,43.776
155,C-XXXXX,item:268967,23.75,455.09221,43.776,411.31621,43.776
155,C-XXXXX,item:268091,23.75,476.98021,0.0,476.98021,0.0
156,C-XXXXX,item:268967,23.75,435.06621,0.0,435.06621,0.0
156,C-XXXXX,item:268091,23.75,500.73021,65.664,435.06621,65.664
157,C-XXXXX,item:268967,23.75,458.81621,43.776,415.04021,43.776
157,C-XXXXX,item:268091,23.75,458.81621,0.0,458.81621,0.0
158,C-XXXXX,item:268967,23.75,438.79021,21.888,416.90221,21.888
158,C-XXXXX,item:268091,23.75,482.56621,0.0,482.56621,0.0
159,C-XXXXX,item:268967,23.75,440.65221,0.0,440.65221,0.0
159,C-XXXXX,item:268091,23.75,506.31621,87.552,418.76421,87.552
160,C-XXXXX,item:268967,23.75,464.40221,0.0,464.40221,0.0
160,C-XXXXX,item:268091,23.75,442.51421,0.0,442.51421,0.0
161,C-XXXXX,item:268967,23.75,488.15221,43.776,444.37621,43.776
161,C-XXXXX,item:268091,23.75,466.26421,43.776,422.48821,43.776
162,C-XXXXX,item:268967,23.75,468.12621,0.0,468.12621,0.0
162,C-XXXXX,item:268091,23.75,446.23821,0.0,446.23821,0.0
163,C-XXXXX,item:268967,23.75,491.87621,21.888,469.98821,21.888
163,C-XXXXX,item:268091,23.75,469.98821,0.0,469.98821,0.0
164,C-XXXXX,item:268967,23.75,493.73821,0.0,493.73821,0.0
164,C-XXXXX,item:268091,23.75,493.73821,0.0,493.73821,0.0
165,C-XXXXX,item:268967,23.75,517.48821,0.0,517.48821,0.0
165,C-XXXXX,item:268091,23.75,517.48821,87.552,429.93621,87.552
166,C-XXXXX,item:268967,23.75,541.23821,87.552,453.68621,87.552
166,C-XXXXX,item:268091,23.75,453.68621,0.0,453.68621,0.0
167,C-XXXXX,item:268967,23.75,477.43621,43.776,433.66021,43.776
167,C-XXXXX,item:268091,23.75,477.43621,0.0,477.43621,0.0
168,C-XXXXX,item:268967,23.75,457.41021,0.0,457.41021,0.0
168,C-XXXXX,item:268091,23.75,501.18621,21.888,479.29821,21.888
169,C-XXXXX,item:268967,23.75,481.16021,21.888,459.27221,21.888
169,C-XXXXX,item:268091,23.75,503.04821,21.888,481.16021,21.888
170,C-XXXXX,item:268967,23.75,483.02221,0.0,483.02221,0.0
170,C-XXXXX,item:268091,23.75,504.91021,21.888,483.02221,21.888
171,C-XXXXX,item:268967,23.75,506.77221,0.0,506.77221,0.0
171,C-XXXXX,item:268091,23.75,506.77221,43.776,462.99621,43.776
172,C-XXXXX,item:268967,23.75,530.52221,0.0,530.52221,0.0
172,C-XXXXX,item:268091,23.75,486.74621,43.776,442.97021,43.776
173,C-XXXXX,item:268967,23.75,554.27221,21.888,532.38421,21.888
173,C-XXXXX,item:268091,23.75,466.72021,21.888,444.83221,21.888
174,C-XXXXX,item:268967,23.75,556.13421,0.0,556.13421,0.0
174,C-XXXXX,item:268091,23.75,468.58221,21.888,446.69421,21.888
175,C-XXXXX,item:268967,23.75,579.88421,65.664,514.22021,65.664
175,C-XXXXX,item:268091,23.75,470.44421,21.888,448.55621,21.888
176,C-XXXXX,item:268967,23.75,537.97021,87.552,450.41821,87.552
176,C-XXXXX,item:268091,23.75,472.30621,0.0,472.30621,0.0
177,C-XXXXX,item:268967,23.75,474.16821,0.0,474.16821,0.0
177,C-XXXXX,item:268091,23.75,496.05621,0.0,496.05621,0.0
178,C-XXXXX,item:268967,23.75,497.91821,21.888,476.03021,21.888
178,C-XXXXX,item:268091,23.75,519.80621,0.0,519.80621,0.0
179,C-XXXXX,item:268967,23.75,499.78021,21.888,477.89221,21.888
179,C-XXXXX,item:268091,23.75,543.55621,65.664,477.89221,65.664
180,C-XXXXX,item:268967,23.75,501.64221,0.0,501.64221,0.0
180,C-XXXXX,item:268091,23.75,501.64221,21.888,479.75421,21.888
181,C-XXXXX,item:268967,23.75,525.39221,0.0,525.39221,0.0
181,C-XXXXX,item:268091,23.75,503.50421,0.0,503.50421,0.0
182,C-XXXXX,item:268967,23.75,549.14221,65.664,483.47821,65.664
182,C-XXXXX,item:268091,23.75,527.25421,0.0,527.25421,0.0
183,C-XXXXX,item:268967,23.75,507.22821,21.888,485.34021,21.888
183,C-XXXXX,item:268091,23.75,551.00421,21.888,529.11621,21.888
184,C-XXXXX,item:268967,23.75,509.09021,21.888,487.20221,21.888
184,C-XXXXX,item:268091,23.75,552.86621,0.0,552.86621,0.0
185,C-XXXXX,item:268967,23.75,510.95221,0.0,510.95221,0.0
185,C-XXXXX,item:268091,23.75,576.61621,21.888,554.72821,21.888
186,C-XXXXX,item:268967,23.75,534.70221,43.776,490.92621,43.776
186,C-XXXXX,item:268091,23.75,578.47821,65.664,512.81421,65.664
187,C-XXXXX,item:268967,23.75,514.67621,21.888,492.78821,21.888
187,C-XXXXX,item:268091,23.75,536.56421,21.888,514.67621,21.888
188,C-XXXXX,item:268967,23.75,516.53821,0.0,516.53821,0.0
188,C-XXXXX,item:268091,23.75,538.42621,0.0,538.42621,0.0
189,C-XXXXX,item:268967,23.75,540.28821,21.888,518.40021,21.888
189,C-XXXXX,item:268091,23.75,562.17621,43.776,518.40021,43.776
190,C-XXXXX,item:268967,23.75,542.15021,0.0,542.15021,0.0
190,C-XXXXX,item:268091,23.75,542.15021,0.0,542.15021,0.0
191,C-XXXXX,item:268967,23.75,565.90021,65.664,500.23621,65.664
191,C-XXXXX,item:268091,23.75,565.90021,0.0,565.90021,0.0
192,C-XXXXX,item:268967,23.75,523.98621,21.888,502.09821,21.888
192,C-XXXXX,item:268091,23.75,589.65021,21.888,567.76221,21.888
193,C-XXXXX,item:268967,23.75,525.84821,0.0,525.84821,0.0
193,C-XXXXX,item:268091,23.75,591.51221,0.0,591.51221,0.0
194,C-XXXXX,item:268967,23.75,549.59821,0.0,549.59821,0.0
194,C-XXXXX,item:268091,23.75,615.26221,109.44,505.82221,109.44
195,C-XXXXX,item:268967,23.75,573.34821,65.664,507.68421,65.664
195,C-XXXXX,item:268091,23.75,529.57221,0.0,529.57221,0.0
196,C-XXXXX,item:268967,23.75,531.43421,0.0,531.43421,0.0
196,C-XXXXX,item:268091,23.75,553.32221,0.0,553.32221,0.0
197,C-XXXXX,item:268967,23.75,555.18421,87.552,467.63221,87.552
197,C-XXXXX,item:268091,23.75,577.07221,21.888,555.18421,21.888
198,C-XXXXX,item:268967,23.75,491.38221,0.0,491.38221,0.0
198,C-XXXXX,item:268091,23.75,578.93421,131.328,447.60621,131.328
199,C-XXXXX,item:268967,23.75,515.13221,0.0,515.13221,0.0
199,C-XXXXX,item:268091,23.75,471.35621,0.0,471.35621,0.0
200,C-XXXXX,item:268967,23.75,538.88221,43.776,495.10621,43.776
200,C-XXXXX,item:268091,23.75,495.10621,21.888,473.21821,21.888
201,C-XXXXX,item:268967,23.75,518.85621,21.888,496.96821,21.888
201,C-XXXXX,item:268091,23.75,496.96821,0.0,496.96821,0.0
202,C-XXXXX,item:268967,23.75,520.71821,21.888,498.83021,21.888
202,C-XXXXX,item:268091,23.75,520.71821,21.888,498.83021,21.888
203,C-XXXXX,item:268967,23.75,522.58021,0.0,522.58021,0.0
203,C-XXXXX,item:268091,23.75,522.58021,0.0,522.58021,0.0
204,C-XXXXX,item:268967,23.75,546.33021,0.0,546.33021,0.0
204,C-XXXXX,item:268091,23.75,546.33021,43.776,502.55421,43.776
205,C-XXXXX,item:268967,23.75,570.08021,0.0,570.08021,0.0
205,C-XXXXX,item:268091,23.75,526.30421,21.888,504.41621,21.888
206,C-XXXXX,item:268967,23.75,593.83021,65.664,528.16621,65.664
206,C-XXXXX,item:268091,23.75,528.16621,21.888,506.27821,21.888
207,C-XXXXX,item:268967,23.75,551.91621,0.0,551.91621,0.0
207,C-XXXXX,item:268091,23.75,530.02821,0.0,530.02821,0.0
208,C-XXXXX,item:268967,23.75,575.66621,65.664,510.00221,65.664
208,C-XXXXX,item:268091,23.75,553.77821,21.888,531.89021,21.888
209,C-XXXXX,item:268967,23.75,533.75221,0.0,533.75221,0.0
209,C-XXXXX,item:268091,23.75,555.64021,0.0,555.64021,0.0
210,C-XXXXX,item:268967,23.75,557.50221,0.0,557.50221,0.0
210,C-XXXXX,item:268091,23.75,579.39021,0.0,579.39021,0.0
211,C-XXXXX,item:268967,23.75,581.25221,0.0,581.25221,0.0
211,C-XXXXX,item:268091,23.75,603.14021,21.888,581.25221,21.888
212,C-XXXXX,item:268967,23.75,605.00221,43.776,561.22621,43.776
212,C-XXXXX,item:268091,23.75,605.00221,65.664,539.33821,65.664
213,C-XXXXX,item:268967,23.75,584.97621,0.0,584.97621,0.0
213,C-XXXXX,item:268091,23.75,563.08821,21.888,541.20021,21.888
214,C-XXXXX,item:268967,23.75,608.72621,43.776,564.95021,43.776
214,C-XXXXX,item:268091,23.75,564.95021,0.0,564.95021,0.0
215,C-XXXXX,item:268967,23.75,588.70021,43.776,544.92421,43.776
215,C-XXXXX,item:268091,23.75,588.70021,43.776,544.92421,43.776
216,C-XXXXX,item:268967,23.75,568.67421,21.888,546.78621,21.888
216,C-XXXXX,item:268091,23.75,568.67421,0.0,568.67421,0.0
217,C-XXXXX,item:268967,23.75,570.53621,43.776,526.76021,43.776
217,C-XXXXX,item:268091,23.75,592.42421,0.0,592.42421,0.0
218,C-XXXXX,item:268967,23.75,550.51021,0.0,550.51021,0.0
218,C-XXXXX,item:268091,23.75,616.17421,0.0,616.17421,0.0
219,C-XXXXX,item:268967,23.75,574.26021,43.776,530.48421,43.776
219,C-XXXXX,item:268091,23.75,639.92421,43.776,596.14821,43.776
220,C-XXXXX,item:268967,23.75,554.23421,0.0,554.23421,0.0
220,C-XXXXX,item:268091,23.75,619.89821,21.888,598.01021,21.888
221,C-XXXXX,item:268967,23.75,577.98421,0.0,577.98421,0.0
221,C-XXXXX,item:268091,23.75,621.76021,87.552,534.20821,87.552
222,C-XXXXX,item:268967,23.75,601.73421,43.776,557.95821,43.776
222,C-XXXXX,item:268091,23.75,557.95821,0.0,557.95821,0.0
223,C-XXXXX,item:268967,23.75,581.70821,0.0,581.70821,0.0
223,C-XXXXX,item:268091,23.75,581.70821,21.888,559.82021,21.888
224,C-XXXXX,item:268967,23.75,605.45821,43.776,561.68221,43.776
224,C-XXXXX,item:268091,23.75,583.57021,0.0,583.57021,0.0
225,C-XXXXX,item:268967,23.75,585.43221,43.776,541.65621,43.776
225,C-XXXXX,item:268091,23.75,607.32021,0.0,607.32021,0.0
226,C-XXXXX,item:268967,23.75,565.40621,0.0,565.40621,0.0
226,C-XXXXX,item:268091,23.75,631.07021,0.0,631.07021,0.0
227,C-XXXXX,item:268967,23.75,589.15621,0.0,589.15621,0.0
227,C-XXXXX,item:268091,23.75,654.82021,65.664,589.15621,65.664
228,C-XXXXX,item:268967,23.75,612.90621,43.776,569.13021,43.776
228,C-XXXXX,item:268091,23.75,612.90621,43.776,569.13021,43.776
229,C-XXXXX,item:268967,23.75,592.88021,0.0,592.88021,0.0
229,C-XXXXX,item:268091,23.75,592.88021,0.0,592.88021,0.0
230,C-XXXXX,item:268967,23.75,616.63021,21.888,594.74221,21.888
230,C-XXXXX,item:268091,23.75,616.63021,43.776,572.85421,43.776
231,C-XXXXX,item:268967,23.75,618.49221,21.888,596.60421,21.888
231,C-XXXXX,item:268091,23.75,596.60421,21.888,574.71621,21.888
232,C-XXXXX,item:268967,23.75,620.35421,0.0,620.35421,0.0
232,C-XXXXX,item:268091,23.75,598.46621,43.776,554.69021,43.776
233,C-XXXXX,item:268967,23.75,644.10421,43.776,600.32821,43.776
233,C-XXXXX,item:268091,23.75,578.44021,0.0,578.44021,0.0
234,C-XXXXX,item:268967,23.75,624.07821,0.0,624.07821,0.0
234,C-XXXXX,item:268091,23.75,602.19021,0.0,602.19021,0.0
235,C-XXXXX,item:268967,23.75,647.82821,21.888,625.94021,21.888
235,C-XXXXX,item:268091,23.75,625.94021,43.776,582.16421,43.776
236,C-XXXXX,item:268967,23.75,649.69021,43.776,605.91421,43.776
236,C-XXXXX,item:268091,23.75,605.91421,0.0,605.91421,0.0
237,C-XXXXX,item:268967,23.75,629.66421,43.776,585.88821,43.776
237,C-XXXXX,item:268091,23.75,629.66421,43.776,585.88821,43.776
238,C-XXXXX,item:268967,23.75,609.63821,0.0,609.63821,0.0
238,C-XXXXX,item:268091,23.75,609.63821,0.0,609.63821,0.0
239,C-XXXXX,item:268967,23.75,633.38821,0.0,633.38821,0.0
239,C-XXXXX,item:268091,23.75,633.38821,21.888,611.50021,21.888
240,C-XXXXX,item:268967,23.75,657.13821,0.0,657.13821,0.0
240,C-XXXXX,item:268091,23.75,635.25021,43.776,591.47421,43.776
241,C-XXXXX,item:268967,23.75,680.88821,65.664,615.22421,65.664
241,C-XXXXX,item:268091,23.75,615.22421,43.776,571.44821,43.776
242,C-XXXXX,item:268967,23.75,638.97421,0.0,638.97421,0.0
242,C-XXXXX,item:268091,23.75,595.19821,0.0,595.19821,0.0
243,C-XXXXX,item:268967,23.75,662.72421,65.664,597.06021,65.664
243,C-XXXXX,item:268091,23.75,618.94821,0.0,618.94821,0.0
244,C-XXXXX,item:268967,23.75,620.81021,0.0,620.81021,0.0
244,C-XXXXX,item:268091,23.75,642.69821,43.776,598.92221,43.776
245,C-XXXXX,item:268967,23.75,644.56021,21.888,622.67221,21.888
245,C-XXXXX,item:268091,23.75,622.67221,0.0,622.67221,0.0
246,C-XXXXX,item:268967,23.75,646.42221,43.776,602.64621,43.776
246,C-XXXXX,item:268091,23.75,646.42221,65.664,580.75821,65.664
247,C-XXXXX,item:268967,23.75,626.39621,21.888,604.50821,21.888
247,C-XXXXX,item:268091,23.75,604.50821,21.888,582.62021,21.888
248,C-XXXXX,item:268967,23.75,628.25821,87.552,540.70621,87.552
248,C-XXXXX,item:268091,23.75,606.37021,0.0,606.37021,0.0
249,C-XXXXX,item:268967,23.75,564.45621,0.0,564.45621,0.0
249,C-XXXXX,item:268091,23.75,630.12021,43.776,586.34421,43.776
250,C-XXXXX,item:268967,23.75,588.20621,0.0,588.20621,0.0
250,C-XXXXX,item:268091,23.75,610.09421,0.0,610.09421,0.0
251,C-XXXXX,item:268967,23.75,611.95621,0.0,611.95621,0.0
251,C-XXXXX,item:268091,23.75,633.84421,43.776,590.06821,43.776
252,C-XXXXX,item:268967,23.75,635.70621,0.0,635.70621,0.0
252,C-XXXXX,item:268091,23.75,613.81821,65.664,548.15421,65.664
253,C-XXXXX,item:268967,23.75,659.45621,0.0,659.45621,0.0
253,C-XXXXX,item:268091,23.75,571.90421,0.0,571.90421,0.0
254,C-XXXXX,item:268967,23.75,683.20621,43.776,639.43021,43.776
254,C-XXXXX,item:268091,23.75,595.65421,0.0,595.65421,0.0
255,C-XXXXX,item:268967,23.75,663.18021,21.888,641.29221,21.888
255,C-XXXXX,item:268091,23.75,619.40421,21.888,597.51621,21.888
256,C-XXXXX,item:268967,23.75,665.04221,43.776,621.26621,43.776
256,C-XXXXX,item:268091,23.75,621.26621,21.888,599.37821,21.888
257,C-XXXXX,item:268967,23.75,645.01621,0.0,645.01621,0.0
257,C-XXXXX,item:268091,23.75,623.12821,0.0,623.12821,0.0
258,C-XXXXX,item:268967,23.75,668.76621,0.0,668.76621,0.0
258,C-XXXXX,item:268091,23.75,646.87821,0.0,646.87821,0.0
259,C-XXXXX,item:268967,23.75,692.51621,65.664,626.85221,65.664
259,C-XXXXX,item:268091,23.75,670.62821,0.0,670.62821,0.0
260,C-XXXXX,item:268967,23.75,650.60221,21.888,628.71421,21.888
260,C-XXXXX,item:268091,23.75,694.37821,43.776,650.60221,43.776
261,C-XXXXX,item:268967,23.75,652.46421,0.0,652.46421,0.0
261,C-XXXXX,item:268091,23.75,674.35221,21.888,652.46421,21.888
262,C-XXXXX,item:268967,23.75,676.21421,21.888,654.32621,21.888
262,C-XXXXX,item:268091,23.75,676.21421,21.888,654.32621,21.888
263,C-XXXXX,item:268967,23.75,678.07621,43.776,634.30021,43.776
263,C-XXXXX,item:268091,23.75,678.07621,21.888,656.18821,21.888
264,C-XXXXX,item:268967,23.75,658.05021,21.888,636.16221,21.888
264,C-XXXXX,item:268091,23.75,679.93821,43.776,636.16221,43.776
265,C-XXXXX,item:268967,23.75,659.91221,43.776,616.13621,43.776
265,C-XXXXX,item:268091,23.75,659.91221,21.888,638.02421,21.888
266,C-XXXXX,item:268967,23.75,639.88621,0.0,639.88621,0.0
266,C-XXXXX,item:268091,23.75,661.77421,0.0,661.77421,0.0
267,C-XXXXX,item:268967,23.75,663.63621,0.0,663.63621,0.0
267,C-XXXXX,item:268091,23.75,685.52421,0.0,685.52421,0.0
268,C-XXXXX,item:268967,23.75,687.38621,65.664,621.72221,65.664
268,C-XXXXX,item:268091,23.75,709.27421,21.888,687.38621,21.888
269,C-XXXXX,item:268967,23.75,645.47221,0.0,645.47221,0.0
269,C-XXXXX,item:268091,23.75,711.13621,0.0,711.13621,0.0
270,C-XXXXX,item:268967,23.75,669.22221,21.888,647.33421,21.888
270,C-XXXXX,item:268091,23.75,734.88621,43.776,691.11021,43.776
271,C-XXXXX,item:268967,23.75,671.08421,0.0,671.08421,0.0
271,C-XXXXX,item:268091,23.75,714.86021,87.552,627.30821,87.552
272,C-XXXXX,item:268967,23.75,694.83421,43.776,651.05821,43.776
272,C-XXXXX,item:268091,23.75,651.05821,0.0,651.05821,0.0
273,C-XXXXX,item:268967,23.75,674.80821,21.888,652.92021,21.888
273,C-XXXXX,item:268091,23.75,674.80821,0.0,674.80821,0.0
274,C-XXXXX,item:268967,23.75,676.67021,0.0,676.67021,0.0
274,C-XXXXX,item:268091,23.75,698.55821,43.776,654.78221,43.776
275,C-XXXXX,item:268967,23.75,700.42021,43.776,656.64421,43.776
275,C-XXXXX,item:268091,23.75,678.53221,0.0,678.53221,0.0
276,C-XXXXX,item:268967,23.75,680.39421,0.0,680.39421,0.0
276,C-XXXXX,item:268091,23.75,702.28221,43.776,658.50621,43.776
277,C-XXXXX,item:268967,23.75,704.14421,0.0,704.14421,0.0
277,C-XXXXX,item:268091,23.75,682.25621,0.0,682.25621,0.0
278,C-XXXXX,item:268967,23.75,727.89421,43.776,684.11821,43.776
278,C-XXXXX,item:268091,23.75,706.00621,43.776,662.23021,43.776
279,C-XXXXX,item:268967,23.75,707.86821,0.0,707.86821,0.0
279,C-XXXXX,item:268091,23.75,685.98021,43.776,642.20421,43.776
280,C-XXXXX,item:268967,23.75,731.61821,21.888,709.73021,21.888
280,C-XXXXX,item:268091,23.75,665.95421,0.0,665.95421,0.0
281,C-XXXXX,item:268967,23.75,733.48021,43.776,689.70421,43.776
281,C-XXXXX,item:268091,23.75,689.70421,21.888,667.81621,21.888
282,C-XXXXX,item:268967,23.75,713.45421,65.664,647.79021,65.664
282,C-XXXXX,item:268091,23.75,691.56621,21.888,669.67821,21.888
283,C-XXXXX,item:268967,23.75,671.54021,0.0,671.54021,0.0
283,C-XXXXX,item:268091,23.75,693.42821,0.0,693.42821,0.0
284,C-XXXXX,item:268967,23.75,695.29021,21.888,673.40221,21.888
284,C-XXXXX,item:268091,23.75,717.17821,0.0,717.17821,0.0
285,C-XXXXX,item:268967,23.75,697.15221,0.0,697.15221,0.0
285,C-XXXXX,item:268091,23.75,740.92821,21.888,719.04021,21.888
286,C-XXXXX,item:268967,23.75,720.90221,21.888,699.01421,21.888
286,C-XXXXX,item:268091,23.75,742.79021,109.44,633.35021,109.44
287,C-XXXXX,item:268967,23.75,722.76421,0.0,722.76421,0.0
287,C-XXXXX,item:268091,23.75,657.10021,0.0,657.10021,0.0
288,C-XXXXX,item:268967,23.75,746.51421,65.664,680.85021,65.664
288,C-XXXXX,item:268091,23.75,680.85021,21.888,658.96221,21.888
289,C-XXXXX,item:268967,23.75,704.60021,0.0,704.60021,0.0
289,C-XXXXX,item:268091,23.75,682.71221,43.776,638.93621,43.776
290,C-XXXXX,item:268967,23.75,728.35021,0.0,728.35021,0.0
290,C-XXXXX,item:268091,23.75,662.68621,0.0,662.68621,0.0
291,C-XXXXX,item:268967,23.75,752.10021,43.776,708.32421,43.776
291,C-XXXXX,item:268091,23.75,686.43621,0.0,686.43621,0.0
292,C-XXXXX,item:268967,23.75,732.07421,65.664,666.41021,65.664
292,C-XXXXX,item:268091,23.75,710.18621,21.888,688.29821,21.888
293,C-XXXXX,item:268967,23.75,690.16021,21.888,668.27221,21.888
293,C-XXXXX,item:268091,23.75,712.04821,0.0,712.04821,0.0
294,C-XXXXX,item:268967,23.75,692.02221,21.888,670.13421,21.888
294,C-XXXXX,item:268091,23.75,735.79821,0.0,735.79821,0.0
295,C-XXXXX,item:268967,23.75,693.88421,21.888,671.99621,21.888
295,C-XXXXX,item:268091,23.75,759.54821,43.776,715.77221,43.776
296,C-XXXXX,item:268967,23.75,695.74621,0.0,695.74621,0.0
296,C-XXXXX,item:268091,23.75,739.52221,0.0,739.52221,0.0
297,C-XXXXX,item:268967,23.75,719.49621,43.776,675.72021,43.776
297,C-XXXXX,item:268091,23.75,763.27221,87.552,675.72021,87.552
298,C-XXXXX,item:268967,23.75,699.47021,0.0,699.47021,0.0
298,C-XXXXX,item:268091,23.75,699.47021,43.776,655.69421,43.776
299,C-XXXXX,item:268967,23.75,723.22021,0.0,723.22021,0.0
299,C-XXXXX,item:268091,23.75,679.44421,0.0,679.44421,0.0
300,C-XXXXX,item:268967,23.75,746.97021,43.776,703.19421,43.776
300,C-XXXXX,item:268091,23.75,703.19421,21.888,681.30621,21.888
301,C-XXXXX,item:268967,23.75,726.94421,0.0,726.94421,0.0
301,C-XXXXX,item:268091,23.75,705.05621,0.0,705.05621,0.0
302,C-XXXXX,item:268967,23.75,750.69421,43.776,706.91821,43.776
302,C-XXXXX,item:268091,23.75,728.80621,0.0,728.80621,0.0
303,C-XXXXX,item:268967,23.75,730.66821,0.0,730.66821,0.0
303,C-XXXXX,item:268091,23.75,752.55621,65.664,686.89221,65.664
304,C-XXXXX,item:268967,23.75,754.41821,21.888,732.53021,21.888
304,C-XXXXX,item:268091,23.75,710.64221,0.0,710.64221,0.0
305,C-XXXXX,item:268967,23.75,756.28021,21.888,734.39221,21.888
305,C-XXXXX,item:268091,23.75,734.39221,21.888,712.50421,21.888
306,C-XXXXX,item:268967,23.75,758.14221,21.888,736.25421,21.888
306,C-XXXXX,item:268091,23.75,736.25421,0.0,736.25421,0.0
307,C-XXXXX,item:268967,23.75,760.00421,21.888,738.11621,21.888
307,C-XXXXX,item:268091,23.75,760.00421,65.664,694.34021,65.664
308,C-XXXXX,item:268967,23.75,761.86621,0.0,761.86621,0.0
308,C-XXXXX,item:268091,23.75,718.09021,21.888,696.20221,21.888
309,C-XXXXX,item:268967,23.75,785.61621,65.664,719.95221,65.664
309,C-XXXXX,item:268091,23.75,719.95221,0.0,719.95221,0.0
310,C-XXXXX,item:268967,23.75,743.70221,0.0,743.70221,0.0
310,C-XXXXX,item:268091,23.75,743.70221,0.0,743.70221,0.0
311,C-XXXXX,item:268967,23.75,767.45221,0.0,767.45221,0.0
311,C-XXXXX,item:268091,23.75,767.45221,43.776,723.67621,43.776
312,C-XXXXX,item:268967,23.75,791.20221,65.664,725.53821,65.664
312,C-XXXXX,item:268091,23.75,747.42621,21.888,725.53821,21.888
313,C-XXXXX,item:268967,23.75,749.28821,0.0,749.28821,0.0
313,C-XXXXX,item:268091,23.75,749.28821,21.888,727.40021,21.888
314,C-XXXXX,item:268967,23.75,773.03821,0.0,773.03821,0.0
314,C-XXXXX,item:268091,23.75,751.15021,0.0,751.15021,0.0
315,C-XXXXX,item:268967,23.75,796.78821,109.44,687.34821,109.44
315,C-XXXXX,item:268091,23.75,774.90021,21.888,753.01221,21.888
316,C-XXXXX,item:268967,23.75,711.09821,21.888,689.21021,21.888
316,C-XXXXX,item:268091,23.75,776.76221,43.776,732.98621,43.776
317,C-XXXXX,item:268967,23.75,712.96021,0.0,712.96021,0.0
317,C-XXXXX,item:268091,23.75,756.73621,0.0,756.73621,0.0
318,C-XXXXX,item:268967,23.75,736.71021,0.0,736.71021,0.0
318,C-XXXXX,item:268091,23.75,780.48621,43.776,736.71021,43.776
319,C-XXXXX,item:268967,23.75,760.46021,21.888,738.57221,21.888
319,C-XXXXX,item:268091,23.75,760.46021,21.888,738.57221,21.888
320,C-XXXXX,item:268967,23.75,762.32221,43.776,718.54621,43.776
320,C-XXXXX,item:268091,23.75,762.32221,21.888,740.43421,21.888
321,C-XXXXX,item:268967,23.75,742.29621,0.0,742.29621,0.0
321,C-XXXXX,item:268091,23.75,764.18421,0.0,764.18421,0.0
322,C-XXXXX,item:268967,23.75,766.04621,43.776,722.27021,43.776
322,C-XXXXX,item:268091,23.75,787.93421,0.0,787.93421,0.0
323,C-XXXXX,item:268967,23.75,746.02021,43.776,702.24421,43.776
323,C-XXXXX,item:268091,23.75,811.68421,65.664,746.02021,65.664
324,C-XXXXX,item:268967,23.75,725.99421,0.0,725.99421,0.0
324,C-XXXXX,item:268091,23.75,769.77021,0.0,769.77021,0.0
325,C-XXXXX,item:268967,23.75,749.74421,0.0,749.74421,0.0
325,C-XXXXX,item:268091,23.75,793.52021,21.888,771.63221,21.888
326,C-XXXXX,item:268967,23.75,773.49421,0.0,773.49421,0.0
326,C-XXXXX,item:268091,23.75,795.38221,43.776,751.60621,43.776
327,C-XXXXX,item:268967,23.75,797.24421,65.664,731.58021,65.664
327,C-XXXXX,item:268091,23.75,775.35621,0.0,775.35621,0.0
328,C-XXXXX,item:268967,23.75,755.33021,0.0,755.33021,0.0
328,C-XXXXX,item:268091,23.75,799.10621,65.664,733.44221,65.664
329,C-XXXXX,item:268967,23.75,779.08021,0.0,779.08021,0.0
329,C-XXXXX,item:268091,23.75,757.19221,21.888,735.30421,21.888
330,C-XXXXX,item:268967,23.75,802.83021,43.776,759.05421,43.776
330,C-XXXXX,item:268091,23.75,759.05421,0.0,759.05421,0.0
331,C-XXXXX,item:268967,23.75,782.80421,0.0,782.80421,0.0
331,C-XXXXX,item:268091,23.75,782.80421,21.888,760.91621,21.888
332,C-XXXXX,item:268967,23.75,806.55421,21.888,784.66621,21.888
332,C-XXXXX,item:268091,23.75,784.66621,21.888,762.77821,21.888
333,C-XXXXX,item:268967,23.75,808.41621,21.888,786.52821,21.888
333,C-XXXXX,item:268091,23.75,786.52821,21.888,764.64021,21.888
334,C-XXXXX,item:268967,23.75,810.27821,0.0,810.27821,0.0
334,C-XXXXX,item:268091,23.75,788.39021,0.0,788.39021,0.0
335,C-XXXXX,item:268967,23.75,834.02821,43.776,790.25221,43.776
335,C-XXXXX,item:268091,23.75,812.14021,21.888,790.25221,21.888
336,C-XXXXX,item:268967,23.75,814.00221,21.888,792.11421,21.888
336,C-XXXXX,item:268091,23.75,814.00221,0.0,814.00221,0.0
337,C-XXXXX,item:268967,23.75,815.86421,21.888,793.97621,21.888
337,C-XXXXX,item:268091,23.75,837.75221,43.776,793.97621,43.776
338,C-XXXXX,item:268967,23.75,817.72621,21.888,795.83821,21.888
338,C-XXXXX,item:268091,23.75,817.72621,0.0,817.72621,0.0
339,C-XXXXX,item:268967,23.75,819.58821,43.776,775.81221,43.776
339,C-XXXXX,item:268091,23.75,841.47621,43.776,797.70021,43.776
340,C-XXXXX,item:268967,23.75,799.56221,0.0,799.56221,0.0
340,C-XXXXX,item:268091,23.75,821.45021,43.776,777.67421,43.776
341,C-XXXXX,item:268967,23.75,823.31221,0.0,823.31221,0.0
341,C-XXXXX,item:268091,23.75,801.42421,0.0,801.42421,0.0
342,C-XXXXX,item:268967,23.75,847.06221,65.664,781.39821,65.664
342,C-XXXXX,item:268091,23.75,825.17421,43.776,781.39821,43.776
343,C-XXXXX,item:268967,23.75,805.14821,43.776,761.37221,43.776
343,C-XXXXX,item:268091,23.75,805.14821,0.0,805.14821,0.0
344,C-XXXXX,item:268967,23.75,785.12221,0.0,785.12221,0.0
344,C-XXXXX,item:268091,23.75,828.89821,21.888,807.01021,21.888
345,C-XXXXX,item:268967,23.75,808.87221,65.664,743.20821,65.664
345,C-XXXXX,item:268091,23.75,830.76021,21.888,808.87221,21.888
346,C-XXXXX,item:268967,23.75,766.95821,0.0,766.95821,0.0
346,C-XXXXX,item:268091,23.75,832.62221,0.0,832.62221,0.0
347,C-XXXXX,item:268967,23.75,790.70821,0.0,790.70821,0.0
347,C-XXXXX,item:268091,23.75,856.37221,0.0,856.37221,0.0
348,C-XXXXX,item:268967,23.75,814.45821,21.888,792.57021,21.888
348,C-XXXXX,item:268091,23.75,880.12221,43.776,836.34621,43.776
349,C-XXXXX,item:268967,23.75,816.32021,0.0,816.32021,0.0
349,C-XXXXX,item:268091,23.75,860.09621,43.776,816.32021,43.776
350,C-XXXXX,item:268967,23.75,840.07021,21.888,818.18221,21.888
350,C-XXXXX,item:268091,23.75,840.07021,0.0,840.07021,0.0
351,C-XXXXX,item:268967,23.75,841.93221,21.888,820.04421,21.888
351,C-XXXXX,item:268091,23.75,863.82021,0.0,863.82021,0.0
352,C-XXXXX,item:268967,23.75,843.79421,0.0,843.79421,0.0
352,C-XXXXX,item:268091,23.75,887.57021,0.0,887.57021,0.0
353,C-XXXXX,item:268967,23.75,867.54421,0.0,867.54421,0.0
353,C-XXXXX,item:268091,23.75,911.32021,87.552,823.76821,87.552
354,C-XXXXX,item:268967,23.75,891.29421,43.776,847.51821,43.776
354,C-XXXXX,item:268091,23.75,847.51821,0.0,847.51821,0.0
355,C-XXXXX,item:268967,23.75,871.26821,43.776,827.49221,43.776
355,C-XXXXX,item:268091,23.75,871.26821,65.664,805.60421,65.664
356,C-XXXXX,item:268967,23.75,851.24221,0.0,851.24221,0.0
356,C-XXXXX,item:268091,23.75,829.35421,0.0,829.35421,0.0
357,C-XXXXX,item:268967,23.75,874.99221,65.664,809.32821,65.664
357,C-XXXXX,item:268091,23.75,853.10421,43.776,809.32821,43.776
358,C-XXXXX,item:268967,23.75,833.07821,0.0,833.07821,0.0
358,C-XXXXX,item:268091,23.75,833.07821,21.888,811.19021,21.888
359,C-XXXXX,item:268967,23.75,856.82821,65.664,791.16421,65.664
359,C-XXXXX,item:268091,23.75,834.94021,0.0,834.94021,0.0
360,C-XXXXX,item:268967,23.75,814.91421,0.0,814.91421,0.0
360,C-XXXXX,item:268091,23.75,858.69021,65.664,793.02621,65.664
361,C-XXXXX,item:268967,23.75,838.66421,0.0,838.66421,0.0
361,C-XXXXX,item:268091,23.75,816.77621,21.888,794.88821,21.888
362,C-XXXXX,item:268967,23.75,862.41421,65.664,796.75021,65.664
362,C-XXXXX,item:268091,23.75,818.63821,0.0,818.63821,0.0
363,C-XXXXX,item:268967,23.75,820.50021,0.0,820.50021,0.0
363,C-XXXXX,item:268091,23.75,842.38821,21.888,820.50021,21.888
364,C-XXXXX,item:268967,23.75,844.25021,0.0,844.25021,0.0
364,C-XXXXX,item:268091,23.75,844.25021,0.0,844.25021,0.0
